날짜,시가,고가,저가,종가,거래량
2010-01-04,8066,8633,7966,8600,72990.0
2010-01-05,8700,9533,8466,9367,197320.0
2010-01-06,9266,10766,9233,10767,579171.0
2010-01-07,10666,11300,10300,10400,483508.0
2010-01-08,10666,11033,10166,11000,261613.0
2010-01-11,10766,11500,10666,10933,161188.0
2010-01-12,10933,11366,10800,10833,115335.0
2010-01-13,10600,10866,10333,10633,88212.0
2010-01-14,10900,11400,10600,11067,162534.0
2010-01-15,11400,11866,11066,11067,743329.0
2010-01-18,10900,11000,10266,10367,243347.0
2010-01-19,10500,10633,9900,10000,135673.0
2010-01-20,10200,10800,10000,10200,185223.0
2010-01-21,10033,10200,9900,10000,74864.0
2010-01-22,9900,10300,9600,9900,96968.0
2010-01-25,9700,10166,9566,9700,71821.0
2010-01-26,9800,9833,9066,9233,70846.0
2010-01-27,9366,9366,9000,9100,62604.0
2010-01-28,9166,9466,8966,9333,43955.0
2010-01-29,9200,9466,9066,9067,45446.0
2010-02-01,9133,9233,8499,8633,58682.0
2010-02-02,8699,9033,8699,8833,28106.0
2010-02-03,9033,9366,8900,9067,35214.0
2010-02-04,9233,9400,9066,9400,42589.0
2010-02-05,8966,8999,8799,8933,48646.0
2010-02-08,9066,9133,8533,8533,60485.0
2010-02-09,8533,8733,8366,8733,27010.0
2010-02-10,8733,8800,8566,8567,25007.0
2010-02-11,8566,8800,8533,8667,15862.0
2010-02-12,8766,9033,8566,8867,44294.0
2010-02-16,8800,8966,8733,8800,19678.0
2010-02-17,8733,8733,8466,8600,90170.0
2010-02-18,8666,8966,8600,8667,60949.0
2010-02-19,8666,9433,8666,8967,213239.0
2010-02-22,9099,9266,8933,9133,60840.0
2010-02-23,9133,9466,9100,9167,86142.0
2010-02-24,9099,9466,8999,9433,51762.0
2010-02-25,9466,9566,8833,8867,59889.0
2010-02-26,8899,8999,8799,8933,24511.0
2010-03-02,9033,9166,8966,9133,26424.0
2010-03-03,9133,9266,9100,9100,20447.0
2010-03-04,9200,9200,8933,9000,21330.0
2010-03-05,9033,9400,9000,9200,29122.0
2010-03-08,9466,10433,9466,10367,326190.0
2010-03-09,10300,10733,10166,10400,202625.0
2010-03-10,10366,10566,10133,10467,95698.0
2010-03-11,10533,10900,10500,10567,96978.0
2010-03-12,10600,10800,10366,10400,88224.0
2010-03-15,10333,10533,10066,10067,56581.0
2010-03-16,10266,10533,10066,10533,49163.0
2010-03-17,10700,11466,10566,11267,239578.0
2010-03-18,11200,11266,10933,11267,65346.0
2010-03-19,11200,11700,11133,11433,101957.0
2010-03-22,11300,11700,11233,11600,65456.0
2010-03-23,11600,11800,11466,11600,66784.0
2010-03-24,11533,11733,10800,10867,86154.0
2010-03-25,11066,11666,10900,11667,100614.0
2010-03-26,11400,11866,11333,11533,87796.0
2010-03-29,11200,11400,10666,10933,83371.0
2010-03-30,11066,11300,10933,10967,24053.0
2010-03-31,11000,11200,10766,11000,27720.0
2010-04-01,10900,11266,10800,11167,38894.0
2010-04-02,11300,11300,11000,11233,65657.0
2010-04-05,11233,11233,10233,10467,90647.0
2010-04-06,10633,10833,10400,10400,46441.0
2010-04-07,10400,10800,10400,10567,28027.0
2010-04-08,10466,10633,10400,10500,11663.0
2010-04-09,10533,10733,10266,10633,28905.0
2010-04-12,10733,10866,10400,10500,29293.0
2010-04-13,10499,10766,10266,10433,29718.0
2010-04-14,10466,10633,10366,10467,29436.0
2010-04-15,10633,11600,10433,11333,71083.0
2010-04-16,11333,11466,11000,11233,35199.0
2010-04-19,11133,12700,11000,12467,316586.0
2010-04-20,12666,12733,12266,12533,126363.0
2010-04-21,12700,13133,12566,12600,115718.0
2010-04-22,12466,12800,12366,12667,90036.0
2010-04-23,12600,13400,12533,13200,146409.0
2010-04-26,13400,13666,13200,13267,138850.0
2010-04-27,13333,13466,13133,13133,46670.0
2010-04-28,12800,13766,11866,13767,103574.0
2010-04-29,14066,15566,14066,15067,324373.0
2010-04-30,15066,15400,14333,15067,140090.0
2010-05-03,15200,15666,15066,15433,114903.0
2010-05-04,15666,16066,15400,15733,119696.0
2010-05-06,15100,15466,15000,15333,60067.0
2010-05-07,14666,15100,14000,15100,73197.0
2010-05-10,15400,15900,15333,15667,104789.0
2010-05-11,15933,17000,15533,16333,240271.0
2010-05-12,16600,17033,16233,16333,110291.0
2010-05-13,16766,16766,15700,16367,121097.0
2010-05-14,16566,16966,16133,16800,58022.0
2010-05-17,16666,16900,16366,16733,76015.0
2010-05-18,16666,16733,14933,15400,102526.0
2010-05-19,15233,15233,14333,14833,103499.0
2010-05-20,14833,15200,14000,14467,63068.0
2010-05-24,16633,16633,16633,16633,110342.0
2010-05-25,16633,16666,14166,14167,584134.0
2010-05-26,13600,14400,13266,14000,255625.0
2010-05-27,13933,14100,13166,14100,167074.0
2010-05-28,14266,14500,13900,13900,105318.0
2010-05-31,13799,14166,13600,13833,63854.0
2010-06-01,14033,14733,13899,14333,104654.0
2010-06-03,14466,14666,14200,14200,61182.0
2010-06-04,14200,14266,13600,13967,69326.0
2010-06-07,13533,14333,13333,14267,69569.0
2010-06-08,14100,14900,14100,14900,80239.0
2010-06-09,15133,15166,14666,14900,39535.0
2010-06-10,15000,15533,14800,15133,62095.0
2010-06-11,15166,15500,14800,14800,63540.0
2010-06-14,15033,15566,14800,15400,95642.0
2010-06-15,15433,15866,15266,15433,41956.0
2010-06-16,15700,15933,15533,15733,62383.0
2010-06-17,15800,15933,15466,15733,43786.0
2010-06-18,15600,15766,15000,15167,54083.0
2010-06-21,15166,15800,15000,15800,61842.0
2010-06-22,15866,16099,15566,15800,71816.0
2010-06-23,15800,15800,15200,15533,36777.0
2010-06-24,15200,15733,14900,15100,53601.0
2010-06-25,14933,15100,14533,14667,55143.0
2010-06-28,14599,14766,13833,13833,56088.0
2010-06-29,13866,14200,13533,13767,56680.0
2010-06-30,13600,14466,13333,14333,110368.0
2010-07-01,14200,14333,13333,13933,52360.0
2010-07-02,13700,14000,12666,12933,68279.0
2010-07-05,12966,13266,12533,13200,112035.0
2010-07-06,13200,13200,12766,13067,39999.0
2010-07-07,13066,13266,12900,13000,28638.0
2010-07-08,13133,13300,12966,13033,35483.0
2010-07-09,13166,13166,12200,12733,83305.0
2010-07-12,12733,12733,11700,11967,223108.0
2010-07-13,12066,12266,11800,12000,92841.0
2010-07-14,12266,13033,11933,12800,241704.0
2010-07-15,12766,12933,12300,12533,41636.0
2010-07-16,12433,12600,12200,12433,44433.0
2010-07-19,12100,13133,12100,12733,91786.0
2010-07-20,13066,14133,12900,12900,513029.0
2010-07-21,12933,13000,12566,12667,87315.0
2010-07-22,12533,12600,11666,11867,99986.0
2010-07-23,12066,12133,11333,11800,93205.0
2010-07-26,11766,12000,11366,11500,58537.0
2010-07-27,11533,11733,11466,11567,45120.0
2010-07-28,11733,12133,11600,11667,129233.0
2010-07-29,11600,11766,11333,11433,48623.0
2010-07-30,11333,11366,11100,11367,71438.0
2010-08-02,11466,11733,11333,11467,51077.0
2010-08-03,11533,12266,11300,11633,153872.0
2010-08-04,11733,11733,11366,11600,28068.0
2010-08-05,11700,11700,11400,11467,34617.0
2010-08-06,11600,11733,11500,11533,27153.0
2010-08-09,11700,12666,11600,12567,273709.0
2010-08-10,12366,12466,11933,12000,100244.0
2010-08-11,12133,12466,11833,11933,115906.0
2010-08-12,11800,11900,11466,11467,64396.0
2010-08-13,11666,11733,11500,11567,29746.0
2010-08-16,11600,11600,9866,10867,192877.0
2010-08-17,10900,11300,10700,11000,92615.0
2010-08-18,11200,11233,10666,10700,57913.0
2010-08-19,10733,10966,10600,10933,63897.0
2010-08-20,10766,11333,10766,11167,62289.0
2010-08-23,11300,11600,11066,11467,86310.0
2010-08-24,11400,11400,10966,11167,46477.0
2010-08-25,11000,11366,10933,11000,63339.0
2010-08-26,11066,11333,10666,10667,63941.0
2010-08-27,10733,10866,9900,10067,118766.0
2010-08-30,10133,10366,10000,10067,89281.0
2010-08-31,10033,10133,9500,9567,106005.0
2010-09-01,9600,9800,9533,9600,48711.0
2010-09-02,9766,9800,9600,9667,59064.0
2010-09-03,9700,10166,9566,10000,87370.0
2010-09-06,10133,10533,10133,10400,69042.0
2010-09-07,10466,10466,10066,10233,36016.0
2010-09-08,10066,10233,9833,9867,26808.0
2010-09-09,9933,10133,9833,10067,23264.0
2010-09-10,10066,10200,10000,10067,29701.0
2010-09-13,10100,10266,9933,9933,28036.0
2010-09-14,9933,10066,9699,9833,28872.0
2010-09-15,9933,9933,9666,9867,22255.0
2010-09-16,9800,10200,9800,9900,23087.0
2010-09-17,9966,10200,9933,10200,28195.0
2010-09-20,10266,10433,10200,10267,37669.0
2010-09-24,10266,10333,10100,10100,15541.0
2010-09-27,10133,10433,10066,10333,31183.0
2010-09-28,10133,10333,10066,10100,26191.0
2010-09-29,10166,10333,10066,10067,33244.0
2010-09-30,10066,10233,10033,10133,34208.0
2010-10-01,10133,10633,10100,10467,75237.0
2010-10-04,10533,10666,10366,10567,39093.0
2010-10-05,10600,10600,10366,10533,24439.0
2010-10-06,10666,10666,10500,10567,29134.0
2010-10-07,10600,10633,10233,10333,28082.0
2010-10-08,10333,10466,10299,10433,21178.0
2010-10-11,10333,10600,10233,10267,28966.0
2010-10-12,10266,10466,10166,10167,21769.0
2010-10-13,10300,10533,10200,10533,40095.0
2010-10-14,10600,11300,10533,11200,179530.0
2010-10-15,11200,11500,11033,11100,67620.0
2010-10-18,11266,11566,11166,11267,69954.0
2010-10-19,11400,11633,11133,11567,95761.0
2010-10-20,11366,11700,11366,11600,57935.0
2010-10-21,11666,11800,11166,11200,70557.0
2010-10-22,11066,11233,10000,10233,205029.0
2010-10-25,10233,10433,10000,10367,86956.0
2010-10-26,10333,10433,10066,10133,55487.0
2010-10-27,10133,10200,9933,10067,48240.0
2010-10-28,10333,11566,10300,11033,580460.0
2010-10-29,10900,10900,10333,10600,142121.0
2010-11-01,10766,10900,10566,10567,53633.0
2010-11-02,10466,10633,10200,10267,67435.0
2010-11-03,10300,10700,10233,10600,50791.0
2010-11-04,10433,10800,10433,10633,36664.0
2010-11-05,10666,10966,10533,10567,51454.0
2010-11-08,10566,10733,10300,10400,35602.0
2010-11-09,10299,10466,10233,10233,35029.0
2010-11-10,10233,10333,10133,10233,38041.0
2010-11-11,10233,10333,10133,10200,19533.0
2010-11-12,10200,10333,8700,9867,62764.0
2010-11-15,9733,9833,9233,9467,52429.0
2010-11-16,9400,9566,8866,9000,47703.0
2010-11-17,8866,9233,8866,9000,32005.0
2010-11-18,9000,9200,8933,9200,27734.0
2010-11-19,9333,9333,8900,9267,26978.0
2010-11-22,9199,9499,9166,9433,30572.0
2010-11-23,9400,9466,9166,9200,17657.0
2010-11-24,8666,8966,8600,8900,45952.0
2010-11-25,9066,9866,8999,9433,100823.0
2010-11-26,9333,9533,8833,8933,61949.0
2010-11-29,9033,9066,8800,8867,18791.0
2010-11-30,8833,9133,8800,8900,19170.0
2010-12-01,9000,9466,8933,9200,29576.0
2010-12-02,9266,10033,9266,10000,110535.0
2010-12-03,10000,10433,9500,9500,186504.0
2010-12-06,9533,9666,9366,9467,34879.0
2010-12-07,9433,9633,9266,9500,21624.0
2010-12-08,9466,9566,9200,9267,21943.0
2010-12-09,9366,9566,9333,9400,24694.0
2010-12-10,9566,9600,9400,9567,17880.0
2010-12-13,9766,9766,9400,9500,19637.0
2010-12-14,9500,9800,9466,9533,33412.0
2010-12-15,9566,9733,9500,9533,38781.0
2010-12-16,9533,9766,9466,9467,46481.0
2010-12-17,9700,9700,9300,9300,37195.0
2010-12-20,8866,9199,8866,9033,37048.0
2010-12-21,9100,9366,9100,9267,26286.0
2010-12-22,9300,9333,8933,9000,34759.0
2010-12-23,8999,9166,8933,8933,23727.0
2010-12-24,8966,9066,8866,9000,18935.0
2010-12-27,9000,9200,8900,9067,22237.0
2010-12-28,9133,9133,8833,8867,25691.0
2010-12-29,8900,9066,8900,9000,17477.0
2010-12-30,8966,9366,8966,9367,39336.0
2011-01-03,9400,9600,9333,9367,20797.0
2011-01-04,9366,9466,9100,9200,43182.0
2011-01-05,9299,9399,9166,9233,34510.0
2011-01-06,9233,9333,9099,9233,45743.0
2011-01-07,9266,9700,9233,9400,87622.0
2011-01-10,9400,9633,9400,9467,28440.0
2011-01-11,9600,10266,9500,9600,291536.0
2011-01-12,9633,10200,9499,10033,203618.0
2011-01-13,10200,10299,9699,9833,101566.0
2011-01-14,9866,10033,9766,9800,52677.0
2011-01-17,9800,9933,9666,9667,33198.0
2011-01-18,9666,9900,9366,9467,42262.0
2011-01-19,9533,9566,9299,9433,36682.0
2011-01-20,9433,9533,9166,9300,60509.0
2011-01-21,9300,9300,9066,9200,34598.0
2011-01-24,9066,9233,9066,9200,26735.0
2011-01-25,9233,9333,9100,9167,29432.0
2011-01-26,9166,9266,8966,9067,33180.0
2011-01-27,9000,9533,8966,9167,70664.0
2011-01-28,9366,9366,9133,9133,23785.0
2011-01-31,9133,9433,9066,9133,23552.0
2011-02-01,9199,9333,9166,9333,23255.0
2011-02-07,9333,9466,9266,9333,26058.0
2011-02-08,9433,9900,9366,9800,88203.0
2011-02-09,9800,9866,9466,9667,40733.0
2011-02-10,9666,9800,9433,9667,34586.0
2011-02-11,9666,9833,9366,9500,45116.0
2011-02-14,9633,9666,9333,9333,36432.0
2011-02-15,9366,10033,9233,9767,134768.0
2011-02-16,9833,9933,9600,9767,61779.0
2011-02-17,9800,10700,9666,9667,293160.0
2011-02-18,9700,10200,9666,9967,85369.0
2011-02-21,10100,10300,10000,10200,65010.0
2011-02-22,10166,10200,9766,10167,77676.0
2011-02-23,10000,10266,9833,9900,61277.0
2011-02-24,10133,10500,9933,9967,135854.0
2011-02-25,10200,10933,10133,10433,255505.0
2011-02-28,10600,11433,10433,11167,304762.0
2011-03-02,11000,11133,10633,10667,124283.0
2011-03-03,10800,10966,10499,10700,93852.0
2011-03-04,10700,10800,10433,10533,74182.0
2011-03-07,10566,11066,10533,10733,98699.0
2011-03-08,10666,10766,10400,10533,52921.0
2011-03-09,10600,10866,10400,10433,78394.0
2011-03-10,10400,10533,10166,10533,56969.0
2011-03-11,10400,10466,10066,10233,43396.0
2011-03-14,10000,10000,9133,9367,127475.0
2011-03-15,9299,9533,8100,8733,119932.0
2011-03-16,8733,9000,8666,8867,48659.0
2011-03-17,8533,8699,8399,8633,69203.0
2011-03-18,8733,8900,8700,8900,28981.0
2011-03-21,8866,9233,8866,9033,60804.0
2011-03-22,9133,9200,9066,9100,31085.0
2011-03-23,9066,9199,9066,9133,22912.0
2011-03-24,9266,9433,9133,9233,33323.0
2011-03-25,9266,9299,9133,9233,23461.0
2011-03-28,9266,9266,9066,9167,21082.0
2011-03-29,9266,9300,8900,8967,31118.0
2011-03-30,8966,9200,8966,9200,21372.0
2011-03-31,9199,9399,9099,9333,27218.0
2011-04-01,9333,9466,9233,9467,22700.0
2011-04-04,9500,9700,9366,9400,42243.0
2011-04-05,9400,9566,9300,9467,26196.0
2011-04-06,9466,9566,9266,9400,28479.0
2011-04-07,9400,9400,9166,9267,35911.0
2011-04-08,9500,9800,9466,9600,83392.0
2011-04-11,9533,9666,9266,9267,43623.0
2011-04-12,9266,9566,9233,9300,44955.0
2011-04-13,9300,9433,9166,9267,26355.0
2011-04-14,9299,9466,9199,9433,28851.0
2011-04-15,9400,9933,9333,9933,98149.0
2011-04-18,9866,10000,9733,9933,44871.0
2011-04-19,9766,10266,9733,10033,79175.0
2011-04-20,10233,10333,9933,10067,61300.0
2011-04-21,10133,10133,9733,9800,47251.0
2011-04-22,9766,9966,9600,9633,37609.0
2011-04-25,9766,9833,9500,9500,35039.0
2011-04-26,9533,9733,9166,9267,60691.0
2011-04-27,9366,9433,9166,9267,27713.0
2011-04-28,9500,9733,9200,9400,48383.0
2011-04-29,9433,9433,9100,9300,34380.0
2011-05-02,9233,9466,9133,9400,14882.0
2011-05-03,9266,9399,9166,9333,20334.0
2011-05-04,9366,9399,9166,9333,24324.0
2011-05-06,9300,9333,9200,9267,22836.0
2011-05-09,9266,9466,9199,9333,16347.0
2011-05-11,9299,9499,9199,9433,19183.0
2011-05-12,9366,9466,9200,9400,24567.0
2011-05-13,9400,9533,9300,9400,16530.0
2011-05-16,9399,9533,9233,9233,25823.0
2011-05-17,9266,9366,9100,9300,19869.0
2011-05-18,9299,9299,8966,9133,46905.0
2011-05-19,9133,9166,8633,8633,65912.0
2011-05-20,8500,8700,8466,8700,26046.0
2011-05-23,8666,8766,8333,8600,21693.0
2011-05-24,8366,8633,8366,8533,14585.0
2011-05-25,8599,8599,8299,8333,13268.0
2011-05-26,8433,8433,8266,8333,25911.0
2011-05-27,8400,8400,8133,8133,47054.0
2011-05-30,8266,8333,8166,8200,13655.0
2011-05-31,8333,8433,8266,8333,21247.0
2011-06-01,8500,8500,8266,8300,15373.0
2011-06-02,8233,8233,8033,8200,24794.0
2011-06-03,8100,8233,8100,8167,13297.0
2011-06-07,8199,8399,8166,8233,18908.0
2011-06-08,8133,8366,8133,8233,12158.0
2011-06-09,8266,8566,8233,8300,17722.0
2011-06-10,8299,8399,8166,8233,11865.0
2011-06-13,8100,8200,7933,8067,19970.0
2011-06-14,7966,8066,7766,7800,32854.0
2011-06-15,7900,8000,7800,7933,20797.0
2011-06-16,7900,7900,7600,7667,19384.0
2011-06-17,7666,7833,7533,7600,15411.0
2011-06-20,7666,8033,7666,7933,33148.0
2011-06-21,7833,7966,7700,7800,19386.0
2011-06-22,7933,8133,7766,7867,19985.0
2011-06-23,7966,8033,7766,7867,21601.0
2011-06-24,8200,8566,8066,8300,109282.0
2011-06-27,8499,9533,8499,9533,366089.0
2011-06-28,9700,9733,9066,9267,255000.0
2011-06-29,8999,9066,8599,8733,116323.0
2011-06-30,8900,9200,8733,8800,70621.0
2011-07-01,8866,9300,8733,9300,113298.0
2011-07-04,10166,10666,9666,9667,982905.0
2011-07-05,9666,9766,9333,9633,203244.0
2011-07-06,9766,10233,9633,9700,236880.0
2011-07-07,9500,10633,9433,10300,320976.0
2011-07-08,10133,10433,9933,9933,176250.0
2011-07-11,10033,10200,9700,9700,96857.0
2011-07-12,9666,11133,9633,10700,480762.0
2011-07-13,10833,11133,10300,11133,234229.0
2011-07-14,11900,12800,11100,11333,1252881.0
2011-07-15,11200,11766,11133,11600,250990.0
2011-07-18,11666,12233,11433,12000,197204.0
2011-07-19,11966,12166,11533,11733,233094.0
2011-07-20,11966,11966,11333,11533,163929.0
2011-07-21,11533,11633,10533,10633,245074.0
2011-07-22,10866,11566,10766,11333,305057.0
2011-07-25,11333,11733,11166,11533,142157.0
2011-07-26,11700,12566,11400,11867,392425.0
2011-07-27,12033,12166,11800,11967,127071.0
2011-07-28,11800,12200,11733,12000,111250.0
2011-07-29,12000,12533,11366,11367,199988.0
2011-08-01,11600,11933,11466,11767,70402.0
2011-08-02,11766,12166,11466,11733,94932.0
2011-08-03,11533,11533,11166,11400,80690.0
2011-08-04,11633,11633,10666,10667,112706.0
2011-08-05,9633,10133,9333,9900,141266.0
2011-08-08,9666,10066,8499,8833,171848.0
2011-08-09,8266,8666,7533,8667,178899.0
2011-08-10,9266,9499,9066,9233,121323.0
2011-08-11,8733,9600,8733,9500,102299.0
2011-08-12,9800,10666,9700,10067,203133.0
2011-08-16,10600,11566,10300,11567,370114.0
2011-08-17,11500,11700,11266,11533,151211.0
2011-08-18,11766,11833,10666,11033,117728.0
2011-08-19,10333,10866,10266,10367,101871.0
2011-08-22,10400,11200,10200,10733,137131.0
2011-08-23,10733,11333,10733,11100,87647.0
2011-08-24,11366,11533,10600,10633,88939.0
2011-08-25,10800,11066,10366,10367,46089.0
2011-08-26,10400,10600,10233,10600,29333.0
2011-08-29,10966,11400,10833,10900,90841.0
2011-08-30,10899,10966,10533,10833,62523.0
2011-08-31,10900,11133,10700,11067,53041.0
2011-09-01,11200,11366,10566,10667,95956.0
2011-09-02,10633,10833,10300,10400,48567.0
2011-09-05,10300,10500,9966,10067,59279.0
2011-09-06,9933,10033,9266,9433,62781.0
2011-09-07,9666,10033,9533,9900,63269.0
2011-09-08,10033,10200,9633,9767,38581.0
2011-09-09,9866,9866,9533,9600,15355.0
2011-09-14,9566,9900,9166,9167,51947.0
2011-09-15,9500,9566,9033,9200,31494.0
2011-09-16,9533,10566,9500,10367,171595.0
2011-09-19,10466,11100,10133,10133,287267.0
2011-09-20,10200,10300,9866,10000,100459.0
2011-09-21,10133,10533,10000,10067,90231.0
2011-09-22,9900,10433,9733,10400,86855.0
2011-09-23,9866,10166,9466,9500,93011.0
2011-09-26,9566,9700,8333,8800,153229.0
2011-09-27,9133,9866,8933,9800,56755.0
2011-09-28,9933,9933,9333,9467,40032.0
2011-09-29,9333,9733,9233,9500,54634.0
2011-09-30,9533,9699,9133,9233,108129.0
2011-10-04,8666,8900,8500,8867,52490.0
2011-10-05,8966,9166,8666,8700,47649.0
2011-10-06,8900,9266,8866,9000,36831.0
2011-10-07,9066,9466,9066,9200,42831.0
2011-10-10,9333,10200,9200,9967,135163.0
2011-10-11,10466,11433,9966,10867,576042.0
2011-10-12,10766,11000,10400,10800,200148.0
2011-10-13,10933,11099,10433,10833,143732.0
2011-10-14,10833,12433,10666,12433,870950.0
2011-10-17,13466,14266,13266,14267,359311.0
2011-10-18,15866,16400,15766,16400,500099.0
2011-10-19,17333,18833,16733,17767,2597699.0
2011-10-20,17766,18266,15900,16800,1564875.0
2011-10-21,17133,17400,15033,16533,1358704.0
2011-10-24,17066,19000,16000,19000,1306298.0
2011-10-25,20266,21500,19400,19700,1977127.0
2011-10-26,19166,22633,19000,21300,1847762.0
2011-10-27,21433,22133,19533,20733,1023330.0
2011-10-28,21133,21133,18566,20300,782208.0
2011-10-31,20833,21533,19366,19533,688714.0
2011-11-01,19300,19466,18066,19300,670049.0
2011-11-02,18666,20133,18333,19500,663477.0
2011-11-03,20300,21233,17266,17267,986817.0
2011-11-04,17666,19833,17133,19833,987886.0
2011-11-07,20800,22666,20333,21700,1229999.0
2011-11-08,21266,22166,20433,20667,583838.0
2011-11-09,20666,23766,20599,23767,1303264.0
2011-11-10,24300,27266,23666,25167,2957762.0
2011-11-11,25533,28633,24733,27267,1696936.0
2011-11-14,28466,30799,27833,30467,1442968.0
2011-11-15,31233,32866,29333,30867,1738901.0
2011-11-16,30366,30633,26666,26667,1235901.0
2011-11-17,27000,30666,27000,30667,1584889.0
2011-11-18,31533,33933,30099,32467,2164641.0
2011-11-21,30733,31799,27600,27600,1477018.0
2011-11-22,27600,31733,27000,31733,1584150.0
2011-11-23,31200,31933,27799,29467,1627163.0
2011-11-24,28833,30266,26200,28000,1168276.0
2011-11-25,27666,27866,25666,26667,865814.0
2011-11-28,26800,28300,26433,26667,598527.0
2011-11-29,27200,29033,26800,27867,1271971.0
2011-11-30,28066,30633,27533,28733,1320632.0
2011-12-01,29200,29600,26333,27467,888160.0
2011-12-02,27000,27233,25266,25667,843809.0
2011-12-05,26000,27099,25566,25967,565596.0
2011-12-06,25933,26766,23933,24467,585467.0
2011-12-07,25000,26500,24800,25200,777977.0
2011-12-08,25233,25766,23400,24200,676570.0
2011-12-09,23966,24833,23033,23133,575086.0
2011-12-12,23733,24400,23200,23800,638391.0
2011-12-13,24000,27366,23366,26533,2168113.0
2011-12-14,26666,26733,24000,24233,999503.0
2011-12-15,24000,25400,23200,23267,595841.0
2011-12-16,23500,24533,22433,23333,678313.0
2011-12-19,23600,24700,20400,21533,695357.0
2011-12-20,21800,23000,21633,22700,404055.0
2011-12-21,23200,24400,22966,23567,448908.0
2011-12-22,23800,27100,23800,26000,1539906.0
2011-12-23,26566,26933,25333,25467,799776.0
2011-12-26,25866,26833,25166,25633,518894.0
2011-12-27,25800,26200,23366,24267,486970.0
2011-12-28,24166,24966,23666,23900,230605.0
2011-12-29,23800,24433,23033,24133,310711.0
2012-01-02,24600,26000,24466,25733,344338.0
2012-01-03,26300,26300,25366,25700,281569.0
2012-01-04,25733,29133,25200,27933,1240046.0
2012-01-05,27933,28966,27333,27933,581763.0
2012-01-06,28200,28899,26866,28000,403244.0
2012-01-09,27333,28233,26000,26800,544252.0
2012-01-10,26600,27966,26200,26467,397258.0
2012-01-11,26800,27766,25866,27067,496582.0
2012-01-12,27033,27300,26033,26033,218236.0
2012-01-13,26033,26466,25600,26200,183310.0
2012-01-16,26066,26600,25733,26033,162757.0
2012-01-17,26199,26333,25200,25367,261449.0
2012-01-18,25533,25666,23333,23333,460694.0
2012-01-19,23666,24200,22633,22667,308874.0
2012-01-20,22800,22966,21066,21467,444708.0
2012-01-25,21400,22400,21400,22133,163538.0
2012-01-26,22233,22433,21533,21600,172221.0
2012-01-27,21666,22400,21533,21533,191948.0
2012-01-30,21533,21733,19933,19933,298266.0
2012-01-31,19666,20366,19533,19933,243078.0
2012-02-01,20166,20333,19299,19667,243712.0
2012-02-02,19766,21166,19333,21133,459278.0
2012-02-03,21066,21066,20000,20067,225221.0
2012-02-06,20733,21666,20533,20867,420291.0
2012-02-07,20633,21199,20100,20300,181826.0
2012-02-08,20399,20866,20233,20567,122152.0
2012-02-09,20433,20766,19966,20067,156345.0
2012-02-10,20266,21166,20033,20600,212192.0
2012-02-13,20666,21366,20433,21100,147677.0
2012-02-14,21300,21700,20700,20733,199603.0
2012-02-15,21066,21333,20833,21333,157894.0
2012-02-16,21666,21700,20466,20500,198467.0
2012-02-17,20600,20933,20133,20367,145985.0
2012-02-20,20600,20699,20199,20367,97565.0
2012-02-21,20466,20566,20266,20333,85250.0
2012-02-22,20400,20966,20333,20433,97151.0
2012-02-23,20366,20433,19366,19367,208962.0
2012-02-24,19199,19366,18133,18367,295078.0
2012-02-27,18133,18733,18033,18267,103182.0
2012-02-28,18133,18566,17800,18000,105009.0
2012-02-29,18100,18266,17533,18000,139171.0
2012-03-02,18066,18633,17833,18500,118631.0
2012-03-05,18633,18733,18233,18233,79349.0
2012-03-06,18200,18366,16633,16933,197455.0
2012-03-07,16666,17233,16400,16900,80407.0
2012-03-08,17000,18933,16933,18333,484927.0
2012-03-09,18333,18399,17533,17967,113419.0
2012-03-12,17866,18000,16866,16933,132278.0
2012-03-13,17066,17466,16866,17367,68074.0
2012-03-14,17466,17766,17266,17367,89336.0
2012-03-15,17533,18300,17100,17933,166806.0
2012-03-16,17966,18833,17600,18400,286953.0
2012-03-19,17933,18766,17900,18733,184167.0
2012-03-20,18866,18866,18066,18133,100479.0
2012-03-21,18266,18533,17866,18433,78172.0
2012-03-22,18533,18700,18000,18000,97710.0
2012-03-23,17900,17900,16900,17300,128123.0
2012-03-26,17299,17599,16866,17467,94366.0
2012-03-27,17533,17800,17000,17000,152279.0
2012-03-28,18300,19200,17700,17733,401244.0
2012-03-29,17800,17800,16666,16900,156584.0
2012-03-30,16933,17233,16666,16933,84833.0
2012-04-02,17033,17166,16766,16967,44997.0
2012-04-03,17266,17266,16533,16533,86962.0
2012-04-04,16333,16966,15066,15267,241150.0
2012-04-05,14733,15266,14300,14800,114972.0
2012-04-06,15000,16200,14933,15067,258992.0
2012-04-09,14466,16300,14433,14800,343299.0
2012-04-10,14700,15333,13933,14200,158499.0
2012-04-12,14133,15433,14133,14567,163242.0
2012-04-13,14833,15133,14733,14900,92042.0
2012-04-16,16266,16833,15700,15700,443108.0
2012-04-17,15600,15833,14866,14967,169617.0
2012-04-18,15233,15366,15066,15067,66039.0
2012-04-19,14933,15200,14700,15000,69692.0
2012-04-20,15133,15733,15000,15000,141956.0
2012-04-23,15133,15200,14433,14467,95104.0
2012-04-24,14100,14433,13933,14000,87877.0
2012-04-25,14133,14333,13466,13467,94706.0
2012-04-26,13633,13833,12800,12867,85181.0
2012-04-27,12900,13333,12766,12900,71393.0
2012-04-30,13100,14200,12933,13267,136175.0
2012-05-02,13600,13666,13200,13500,57570.0
2012-05-03,13733,15133,13733,14533,355381.0
2012-05-04,14466,14700,14000,14167,87537.0
2012-05-07,14166,14166,13566,13633,54366.0
2012-05-08,13733,13866,13499,13800,43455.0
2012-05-09,13666,13800,13166,13267,46677.0
2012-05-10,13400,13866,13266,13600,42782.0
2012-05-11,13800,15333,13800,14400,440348.0
2012-05-14,14666,15166,14199,14833,176153.0
2012-05-15,14566,15300,14500,14867,146885.0
2012-05-16,14900,15633,14200,14267,212363.0
2012-05-17,14333,15299,14200,15000,156089.0
2012-05-18,14833,14933,13333,13333,174804.0
2012-05-21,13400,13766,13100,13233,110502.0
2012-05-22,13633,14333,13466,14133,123515.0
2012-05-23,14266,14633,14066,14400,117812.0
2012-05-24,14499,14600,13766,14333,127044.0
2012-05-25,14633,15600,14600,15200,320484.0
2012-05-29,15133,15933,15133,15200,159129.0
2012-05-30,15366,16033,15000,15867,151237.0
2012-05-31,15533,16266,15466,15867,161247.0
2012-06-01,15866,16400,15800,15800,181588.0
2012-06-04,15066,15433,14466,14533,180184.0
2012-06-05,14866,15200,14700,15200,106837.0
2012-06-07,15533,16266,15366,16000,189000.0
2012-06-08,16266,17800,16133,16400,693210.0
2012-06-11,16766,16933,16466,16533,167390.0
2012-06-12,16200,17833,16166,17067,281078.0
2012-06-13,17233,17566,16666,16867,159266.0
2012-06-14,16866,17233,16166,16333,160435.0
2012-06-15,16533,16566,15766,16167,126885.0
2012-06-18,16533,17200,16466,17000,147205.0
2012-06-19,16999,17499,16733,17067,142354.0
2012-06-20,17366,17400,16700,16700,100342.0
2012-06-21,16733,16900,16266,16600,102534.0
2012-06-22,16333,16533,16200,16433,73842.0
2012-06-25,16666,16666,16200,16267,66562.0
2012-06-26,16066,16499,15266,15433,164957.0
2012-06-27,15566,15933,15333,15467,112604.0
2012-06-28,15666,16000,15366,15600,102069.0
2012-06-29,16166,16466,15533,15600,155031.0
2012-07-02,15766,16666,15533,16000,151672.0
2012-07-03,16166,16633,16000,16500,113166.0
2012-07-04,16599,17066,16466,16467,137016.0
2012-07-05,16500,16733,16333,16467,64621.0
2012-07-06,16600,16666,15833,16000,101925.0
2012-07-09,15700,15900,15533,15567,64517.0
2012-07-10,15699,15966,15533,15533,52218.0
2012-07-11,15633,15733,15400,15533,41259.0
2012-07-12,15533,15800,14933,14967,80662.0
2012-07-13,14900,14966,13900,14633,136758.0
2012-07-16,14733,15066,14533,14667,44467.0
2012-07-17,14400,14666,14233,14267,71531.0
2012-07-18,14266,14433,13700,13833,81700.0
2012-07-19,13966,14400,13900,14100,72782.0
2012-07-20,14266,15033,14200,14733,117660.0
2012-07-23,14666,14900,14366,14667,54648.0
2012-07-24,14733,15299,14733,15133,95108.0
2012-07-25,14866,14933,14266,14267,65300.0
2012-07-26,14400,14766,14300,14667,36377.0
2012-07-27,14866,15000,14566,14667,31747.0
2012-07-30,14966,16199,14766,15833,209819.0
2012-07-31,15866,15933,15500,15600,85741.0
2012-08-01,15566,15900,15400,15733,50940.0
2012-08-02,15700,16533,15600,16267,191108.0
2012-08-03,16100,16833,16033,16433,127836.0
2012-08-06,16633,16833,16133,16300,86634.0
2012-08-07,16166,16566,16066,16167,51448.0
2012-08-08,16333,16600,16133,16300,73746.0
2012-08-09,16133,16666,16100,16267,55910.0
2012-08-10,16600,17666,16600,16933,319787.0
2012-08-13,17166,17700,17033,17167,158969.0
2012-08-14,17466,18366,17199,18367,288151.0
2012-08-16,18333,18699,17999,18667,241594.0
2012-08-17,18800,19333,18500,18700,214479.0
2012-08-20,18766,20000,18433,19667,348087.0
2012-08-21,19733,20133,19333,19633,176255.0
2012-08-22,19633,20800,19566,20800,352308.0
2012-08-23,21233,23533,20700,22300,616788.0
2012-08-24,22800,23233,21566,22800,330008.0
2012-08-27,22600,23533,21800,23333,287731.0
2012-08-28,23466,24266,23166,23367,231392.0
2012-08-29,23500,23500,22333,22600,361425.0
2012-08-30,22800,23633,22266,22400,323630.0
2012-08-31,22400,23633,21966,23467,360638.0
2012-09-03,23633,24033,22933,23233,211792.0
2012-09-04,23200,23400,21033,21333,414292.0
2012-09-05,21566,22666,20733,22633,385728.0
2012-09-06,22900,23066,21700,21700,173681.0
2012-09-07,21866,22233,21366,21967,171289.0
2012-09-10,21966,22700,21866,21933,132471.0
2012-09-11,21800,22366,21633,22300,112977.0
2012-09-12,22400,23166,22066,22467,206354.0
2012-09-13,22433,22533,21000,21200,213192.0
2012-09-14,21433,21500,19666,19933,366225.0
2012-09-17,20000,20733,19633,20433,168376.0
2012-09-18,20800,21566,20800,21233,188338.0
2012-09-19,21266,22166,20766,22100,243229.0
2012-09-20,21800,21800,21033,21233,211048.0
2012-09-21,21200,21833,20533,21667,162583.0
2012-09-24,21800,22333,21300,21300,147553.0
2012-09-25,21300,21300,20533,20533,128026.0
2012-09-26,20466,21200,20333,20633,85846.0
2012-09-27,20800,21066,20100,20100,97122.0
2012-09-28,20000,20833,20000,20800,91993.0
2012-10-02,20933,22200,20900,22000,234304.0
2012-10-04,22266,22866,21866,22267,229576.0
2012-10-05,22033,22766,22033,22233,144108.0
2012-10-08,22566,24733,22400,24667,552164.0
2012-10-09,25033,25533,24333,24800,363513.0
2012-10-10,24533,25400,23966,24900,371497.0
2012-10-11,24933,25633,24333,25333,305878.0
2012-10-12,25333,25733,24733,25133,209764.0
2012-10-15,25533,26066,23200,23967,434939.0
2012-10-16,24266,24566,22700,23867,247389.0
2012-10-17,24033,24533,23100,23200,160973.0
2012-10-18,23200,23833,20900,21167,358703.0
2012-10-19,21400,21933,20466,21933,274010.0
2012-10-22,21266,22200,21266,22100,163419.0
2012-10-23,22100,22200,21366,21600,131183.0
2012-10-24,21133,21733,21066,21567,118826.0
2012-10-25,21833,22566,21633,22400,198632.0
2012-10-26,22633,23100,21133,21367,256957.0
2012-10-29,21433,21966,20066,20133,214549.0
2012-10-30,20000,20933,20000,20400,123347.0
2012-10-31,20666,21100,20133,20367,119947.0
2012-11-01,20666,20933,20066,20933,100174.0
2012-11-02,21266,21433,20800,21000,92695.0
2012-11-05,20766,21033,20633,20767,53760.0
2012-11-06,20633,22900,20533,22767,359384.0
2012-11-07,22966,23866,22466,23400,308265.0
2012-11-08,23166,23633,22833,23633,160421.0
2012-11-09,23400,24599,23066,23767,233649.0
2012-11-12,23733,24200,23299,23667,137568.0
2012-11-13,23966,24066,22266,22567,225403.0
2012-11-14,22666,22700,21500,21833,131452.0
2012-11-15,21333,22400,21300,22333,107909.0
2012-11-16,22200,22533,20433,20633,175829.0
2012-11-19,20333,21433,20333,20967,92940.0
2012-11-20,21300,21466,20733,21200,69398.0
2012-11-21,21200,21466,20333,20467,95139.0
2012-11-22,20700,21333,20666,21000,73441.0
2012-11-23,21133,21233,20299,20667,99580.0
2012-11-26,20666,20766,17933,17933,470689.0
2012-11-27,18033,19433,18033,18967,282846.0
2012-11-28,19533,19866,19066,19067,209176.0
2012-11-29,19333,19733,19133,19733,81363.0
2012-11-30,19800,19800,19333,19467,65448.0
2012-12-03,19499,19666,18866,19167,53375.0
2012-12-04,19000,19233,18733,18800,48120.0
2012-12-05,18899,19133,18466,18667,80599.0
2012-12-06,18533,19033,18133,18400,84796.0
2012-12-07,18533,18900,17966,18567,80113.0
2012-12-10,18600,19000,18400,18733,61592.0
2012-12-11,18733,18900,18100,18167,73759.0
2012-12-12,18066,18633,17966,18467,70077.0
2012-12-13,18333,18866,18266,18767,42377.0
2012-12-14,18733,19333,18599,19067,96855.0
2012-12-17,19066,19233,18400,18533,69236.0
2012-12-18,18666,18933,18333,18400,48189.0
2012-12-20,18399,19066,18333,18767,55961.0
2012-12-21,18766,19000,18333,18633,60287.0
2012-12-24,18500,20166,18500,19500,209764.0
2012-12-26,19666,19666,19066,19167,94176.0
2012-12-27,19200,19500,19133,19433,61452.0
2012-12-28,19566,19633,19233,19433,75251.0
2013-01-02,19633,19633,19100,19467,81626.0
2013-01-03,19566,19566,18700,18700,116767.0
2013-01-04,18700,19066,18700,18900,85690.0
2013-01-07,18966,19600,18766,19467,115343.0
2013-01-08,19633,20600,19633,20333,310041.0
2013-01-09,20333,20633,20033,20400,88841.0
2013-01-10,20400,20800,20200,20533,122008.0
2013-01-11,20700,20966,20200,20433,96082.0
2013-01-14,20266,20766,19700,20767,113257.0
2013-01-15,20999,21166,20400,20467,104566.0
2013-01-16,20466,20933,20200,20300,74743.0
2013-01-17,20533,20933,20200,20400,78149.0
2013-01-18,20466,20700,20399,20567,46284.0
2013-01-21,20800,21100,20533,21067,119302.0
2013-01-22,21300,21366,20200,20433,217455.0
2013-01-23,20433,20566,20000,20133,87032.0
2013-01-24,20166,20166,19000,19167,168201.0
2013-01-25,19200,19600,18700,19300,94222.0
2013-01-28,19466,19700,19000,19600,60763.0
2013-01-29,19666,20000,19466,19600,62498.0
2013-01-30,19666,19733,19066,19167,43731.0
2013-01-31,19333,19333,18966,19267,33458.0
2013-02-01,19266,20000,19233,19933,100401.0
2013-02-04,20066,22000,20066,21867,489758.0
2013-02-05,21733,22533,21633,22100,268249.0
2013-02-06,22466,22466,21966,22200,117240.0
2013-02-07,22266,23100,22066,22700,243281.0
2013-02-08,22800,23666,22433,23200,184762.0
2013-02-12,23200,23800,22233,22267,177436.0
2013-02-13,22300,23133,21300,22000,271456.0
2013-02-14,22600,24733,22433,24067,658554.0
2013-02-15,24466,25200,23666,24033,364548.0
2013-02-18,24333,24666,23933,24367,164170.0
2013-02-19,24200,24933,23533,24000,292117.0
2013-02-20,23866,24066,23333,23900,171987.0
2013-02-21,24000,24600,23766,24333,209042.0
2013-02-22,24566,24966,23933,24167,223320.0
2013-02-25,24266,25433,24266,25333,225155.0
2013-02-26,25333,26466,25033,26400,358466.0
2013-02-27,26400,27166,26066,26667,307489.0
2013-02-28,27066,27066,26433,26833,151367.0
2013-03-04,26800,26800,26033,26367,167946.0
2013-03-05,26466,27233,26000,27033,232784.0
2013-03-06,27133,27166,25933,26167,229260.0
2013-03-07,26133,26633,25266,25667,264295.0
2013-03-08,25899,26533,25466,26467,195902.0
2013-03-11,26400,26433,25233,26000,169176.0
2013-03-12,26200,26700,26000,26200,243403.0
2013-03-13,26200,26533,25666,26400,168393.0
2013-03-14,26600,27466,25900,25900,443986.0
2013-03-15,26000,26300,25666,26233,190271.0
2013-03-18,26266,26899,24566,24567,362753.0
2013-03-19,24800,25400,24566,25333,179544.0
2013-03-20,25200,25333,23866,24600,180845.0
2013-03-21,24766,25066,24233,24967,113532.0
2013-03-22,24966,26033,24966,25867,197983.0
2013-03-25,25866,26233,25166,25333,140589.0
2013-03-26,25333,25566,24800,25467,122133.0
2013-03-27,25466,26166,24633,26033,190195.0
2013-03-28,26066,26466,25633,25833,157833.0
2013-03-29,25933,26366,25766,26067,143959.0
2013-04-01,26066,26133,25266,25333,124685.0
2013-04-02,25333,25633,24466,25000,145441.0
2013-04-03,25200,25200,24566,24933,120276.0
2013-04-04,24566,24900,23533,24567,233984.0
2013-04-05,24500,24800,23766,24133,134978.0
2013-04-08,24133,24433,23266,23467,145068.0
2013-04-09,23000,23733,22333,23067,213476.0
2013-04-10,23533,24566,23433,24333,228798.0
2013-04-11,24533,24933,24000,24800,147690.0
2013-04-12,25000,25566,24866,25333,231772.0
2013-04-15,25366,26233,25100,26033,170789.0
2013-04-16,25700,26100,25266,25633,147129.0
2013-04-17,25900,26433,25466,25467,219466.0
2013-04-18,25400,25666,24500,24500,211083.0
2013-04-19,24400,24800,22466,22933,363846.0
2013-04-22,22933,24066,22800,23967,151239.0
2013-04-23,24266,24733,24166,24633,141639.0
2013-04-24,25000,25000,24433,24867,81982.0
2013-04-25,24933,25400,24433,24667,134966.0
2013-04-26,24733,25766,24600,25567,170674.0
2013-04-29,25666,25900,25266,25700,98317.0
2013-04-30,26000,26633,25600,26333,281176.0
2013-05-02,26566,27933,26433,27600,389454.0
2013-05-03,27766,27933,27000,27767,197688.0
2013-05-06,27766,29133,27600,27733,309577.0
2013-05-07,28000,28666,27433,28667,177886.0
2013-05-08,28666,28833,28233,28567,100653.0
2013-05-09,28700,28733,27066,27533,229643.0
2013-05-10,27400,28266,26900,27800,184663.0
2013-05-13,27533,27733,26333,26567,213360.0
2013-05-14,26633,26933,25800,26400,192388.0
2013-05-15,26400,26833,26100,26467,107438.0
2013-05-16,26666,27200,26200,26700,178740.0
2013-05-20,26533,26800,25833,26400,152458.0
2013-05-21,26600,26600,25266,25300,221884.0
2013-05-22,25333,25566,24900,25333,194932.0
2013-05-23,25500,25733,24066,24667,304888.0
2013-05-24,24400,24933,23933,24667,159965.0
2013-05-27,24733,24933,24433,24767,73975.0
2013-05-28,24966,26166,24833,26167,203616.0
2013-05-29,26566,26666,25666,25767,137356.0
2013-05-30,25933,26400,25766,25767,131079.0
2013-05-31,26033,26100,25066,25100,102709.0
2013-06-03,25100,25333,24966,25033,52805.0
2013-06-04,25133,25133,24100,24567,127295.0
2013-06-05,24533,25166,24300,24400,63409.0
2013-06-07,24366,24500,23233,23500,115882.0
2013-06-10,23600,24066,23600,24067,54595.0
2013-06-11,24066,24433,23800,24133,56041.0
2013-06-12,23966,24500,23733,24133,46378.0
2013-06-13,23900,24133,23200,23233,71440.0
2013-06-14,23566,23666,21700,21900,165952.0
2013-06-17,21866,22066,20866,21133,129727.0
2013-06-18,21366,21966,20999,21967,70340.0
2013-06-19,22200,22466,21233,21533,81710.0
2013-06-20,21166,22000,20899,21467,104975.0
2013-06-21,20866,21433,20433,21200,69939.0
2013-06-24,21433,21433,20400,20400,58445.0
2013-06-25,19799,20199,17766,18067,292814.0
2013-06-26,18466,19233,18266,19200,145237.0
2013-06-27,19433,20166,19433,19900,94250.0
2013-06-28,20200,21100,19900,20933,108913.0
2013-07-01,21133,21966,20999,21400,156235.0
2013-07-02,21566,21800,20733,21800,95748.0
2013-07-03,21666,22066,21066,21367,104022.0
2013-07-04,21366,21633,20866,21333,37782.0
2013-07-05,21666,22366,21433,22000,93959.0
2013-07-08,22066,22200,21033,21100,60021.0
2013-07-09,21400,21400,20733,21133,64902.0
2013-07-10,21133,21166,20066,20067,93071.0
2013-07-11,20233,21300,20233,21300,76458.0
2013-07-12,21600,22033,21000,22033,63023.0
2013-07-15,21733,22200,21600,21900,46890.0
2013-07-16,21900,22333,21700,21733,43367.0
2013-07-17,21733,22266,21533,22200,57225.0
2013-07-18,22100,22233,21800,21900,41873.0
2013-07-19,21999,22166,21333,21767,44052.0
2013-07-22,21666,22533,21633,22467,64230.0
2013-07-23,22500,22500,22133,22400,33140.0
2013-07-24,22233,22400,21833,22000,37826.0
2013-07-25,22066,23233,21899,23167,146657.0
2013-07-26,23333,23333,22866,23133,51723.0
2013-07-29,23000,23666,22800,23633,113005.0
2013-07-30,23733,24900,23400,24533,185964.0
2013-07-31,24433,25000,24233,24867,58401.0
2013-08-01,24866,24866,24266,24300,62372.0
2013-08-02,24533,24766,23566,23867,71669.0
2013-08-05,24033,24466,23833,24267,41076.0
2013-08-06,24100,24500,23666,24267,60468.0
2013-08-07,24033,24366,23766,24233,44010.0
2013-08-08,24466,24600,24000,24133,35515.0
2013-08-09,24333,24400,23800,24267,32207.0
2013-08-12,24400,24400,23166,23500,69947.0
2013-08-13,23533,24033,23200,24033,62452.0
2013-08-14,24033,24733,23933,24600,79637.0
2013-08-16,24100,24466,23900,24000,45700.0
2013-08-19,23833,24433,23533,23667,41449.0
2013-08-20,23400,23666,22433,22433,127951.0
2013-08-21,22666,22666,21466,21933,119957.0
2013-08-22,21266,21600,20199,20867,96971.0
2013-08-23,21266,21700,21033,21033,56537.0
2013-08-26,21633,21633,20966,21267,37174.0
2013-08-27,21233,21566,20266,20500,60651.0
2013-08-28,19933,20566,19866,20567,52361.0
2013-08-29,20766,21500,20700,21000,43191.0
2013-08-30,20933,21100,20266,20700,44510.0
2013-09-02,20599,21466,20499,21367,40248.0
2013-09-03,21333,21500,21100,21267,22416.0
2013-09-04,21266,21500,21033,21333,29720.0
2013-09-05,21500,21533,20633,20733,58114.0
2013-09-06,20766,20866,19833,20133,94238.0
2013-09-09,20133,20633,19933,20600,73113.0
2013-09-10,20566,20833,20233,20533,26450.0
2013-09-11,20533,22233,20533,21400,184292.0
2013-09-12,21866,22700,21700,21800,258502.0
2013-09-13,21633,22000,21233,21267,63373.0
2013-09-16,21066,21433,20933,21400,39903.0
2013-09-17,21333,21600,21166,21333,31171.0
2013-09-23,21366,21666,21166,21200,39374.0
2013-09-24,21133,21766,21133,21567,39600.0
2013-09-25,21666,21666,21166,21400,40322.0
2013-09-26,21400,22033,21400,22033,64421.0
2013-09-27,22133,22600,22000,22400,68460.0
2013-09-30,22233,22300,21733,22000,31073.0
2013-10-01,21866,21966,21200,21333,45308.0
2013-10-02,21733,22133,21500,21600,48797.0
2013-10-04,21600,21600,21200,21467,30453.0
2013-10-07,21700,21966,21133,21133,39224.0
2013-10-08,20866,21233,20600,21233,52207.0
2013-10-10,21166,21166,20833,20933,28932.0
2013-10-11,21300,21500,21100,21333,30800.0
2013-10-14,21300,22066,21166,21733,89695.0
2013-10-15,21933,22033,21500,21867,37396.0
2013-10-16,21633,21866,21133,21233,35873.0
2013-10-17,21466,21633,20666,20767,39284.0
2013-10-18,20833,21066,20766,21033,23412.0
2013-10-21,21066,21533,21033,21133,23311.0
2013-10-22,21133,21266,20933,21000,23831.0
2013-10-23,21100,21100,20433,20533,43500.0
2013-10-24,20466,20933,20400,20933,24989.0
2013-10-25,20933,21100,20633,20800,24675.0
2013-10-28,20800,20966,20466,20600,32965.0
2013-10-29,20533,20666,20300,20333,36402.0
2013-10-30,20500,20766,20333,20600,32220.0
2013-10-31,20533,20733,19933,20200,72345.0
2013-11-01,20000,20466,19933,20433,35817.0
2013-11-04,20333,20333,19866,19867,46844.0
2013-11-05,19966,19966,18899,19067,102741.0
2013-11-06,18966,19400,18933,19233,44331.0
2013-11-07,19399,19466,18700,18867,43868.0
2013-11-08,18600,18866,18266,18500,67090.0
2013-11-11,18733,18733,17433,17533,98516.0
2013-11-12,17366,18133,17333,17933,58004.0
2013-11-13,18300,18700,17766,18000,82238.0
2013-11-14,18133,18433,18000,18400,25782.0
2013-11-15,18533,18599,18233,18267,31920.0
2013-11-18,18266,18533,17633,17767,57314.0
2013-11-19,17533,18166,17533,18133,34368.0
2013-11-20,18066,18433,17733,17867,30677.0
2013-11-21,17766,18133,17300,17400,61029.0
2013-11-22,17499,17533,16666,17067,52971.0
2013-11-25,17300,18300,17200,18000,72889.0
2013-11-26,18000,18600,17766,18533,46604.0
2013-11-27,18666,18666,18133,18400,28129.0
2013-11-28,18466,18666,18233,18600,36780.0
2013-11-29,18700,18700,18266,18433,29038.0
2013-12-02,18433,18733,18133,18600,35328.0
2013-12-03,18633,18833,18366,18567,28320.0
2013-12-04,18366,18566,18233,18300,20455.0
2013-12-05,18299,18399,17599,17867,58219.0
2013-12-06,17599,18066,17599,17667,46152.0
2013-12-09,17900,18000,17600,17600,32817.0
2013-12-10,17600,17766,17033,17033,60393.0
2013-12-11,17000,17466,16900,17200,23262.0
2013-12-12,17199,17466,16999,17467,30995.0
2013-12-13,17400,17400,17033,17333,19955.0
2013-12-16,17199,17366,16866,16867,15896.0
2013-12-17,16900,17133,16333,16333,41342.0
2013-12-18,16233,16499,15933,16233,56568.0
2013-12-19,16400,16633,15966,15967,45475.0
2013-12-20,15966,16333,15966,16333,41169.0
2013-12-23,16400,16466,16266,16367,18753.0
2013-12-24,16433,16633,16300,16533,19960.0
2013-12-26,16533,16533,16233,16400,31545.0
2013-12-27,16399,16966,16233,16767,38742.0
2013-12-30,16933,17533,16833,17533,47455.0
2014-01-02,17600,17700,17166,17400,35358.0
2014-01-03,17333,17700,17133,17700,32564.0
2014-01-06,17733,17733,17333,17700,20604.0
2014-01-07,17466,18533,17466,18333,89852.0
2014-01-08,18366,18733,18199,18467,50193.0
2014-01-09,18533,18566,18100,18233,28149.0
2014-01-10,18099,18299,17566,17867,53778.0
2014-01-13,17933,19000,17800,18700,90936.0
2014-01-14,18733,18866,18400,18600,51515.0
2014-01-15,19400,20466,19100,19100,306811.0
2014-01-16,19266,20133,19266,20067,181381.0
2014-01-17,20066,20166,19799,20067,74003.0
2014-01-20,20000,20466,19733,20400,96526.0
2014-01-21,20300,20466,20066,20300,56754.0
2014-01-22,20200,20700,20033,20333,56355.0
2014-01-23,20333,21333,20200,21133,129751.0
2014-01-24,21133,21300,20699,21200,62961.0
2014-01-27,20766,20766,20000,20133,78345.0
2014-01-28,20133,20700,20133,20533,54009.0
2014-01-29,20666,21100,20433,20800,63320.0
2014-02-03,20533,20633,20033,20333,40357.0
2014-02-04,19833,20100,19566,19933,52140.0
2014-02-05,20200,21000,20200,21000,82767.0
2014-02-06,21133,23266,21000,23267,315705.0
2014-02-07,23266,23433,22766,23267,176794.0
2014-02-10,23400,23600,22933,23133,94468.0
2014-02-11,23133,23766,22833,23767,131231.0
2014-02-12,24200,24266,22666,22733,212287.0
2014-02-13,22733,23366,22733,22933,77631.0
2014-02-14,23166,24666,23100,24267,280378.0
2014-02-17,24733,25100,24066,24467,154725.0
2014-02-18,24866,27166,24700,26067,672586.0
2014-02-19,26300,27000,25700,26900,314473.0
2014-02-20,26766,27333,26533,26900,185128.0
2014-02-21,27000,27100,26233,26533,150146.0
2014-02-24,26533,26966,25733,26100,113238.0
2014-02-25,26366,26766,25766,26467,150483.0
2014-02-26,26900,28000,26233,26233,384227.0
2014-02-27,26000,27300,25466,27133,300365.0
2014-02-28,27399,27766,26766,27300,163147.0
2014-03-03,27200,27466,26666,27167,119204.0
2014-03-04,27100,27233,26333,26767,174212.0
2014-03-05,27066,27466,26266,27333,191054.0
2014-03-06,27200,28800,27200,28533,344783.0
2014-03-07,28666,29666,28200,29500,271904.0
2014-03-10,29400,30000,29066,29833,123146.0
2014-03-11,29633,30366,29233,29667,134157.0
2014-03-12,29733,29733,28433,28667,240722.0
2014-03-13,28766,31166,28766,30667,408989.0
2014-03-14,30533,31333,30233,30533,181836.0
2014-03-17,30800,30800,28600,29000,211801.0
2014-03-18,29066,29466,28433,29367,138312.0
2014-03-19,29166,29433,27866,28400,269271.0
2014-03-20,28066,29233,27533,28133,222960.0
2014-03-21,28300,29300,28266,28800,168144.0
2014-03-24,28666,28766,26966,27067,319131.0
2014-03-25,26733,27433,26366,27133,185949.0
2014-03-26,27533,27666,26766,27200,119130.0
2014-03-27,26900,27000,26100,26667,192584.0
2014-03-28,26733,27533,26733,27333,134706.0
2014-03-31,27399,27433,26333,26500,105551.0
2014-04-01,26733,27300,26300,26500,166287.0
2014-04-02,27233,29900,27233,29433,419477.0
2014-04-03,30566,30933,28833,29200,331116.0
2014-04-04,29133,31533,28900,30400,408444.0
2014-04-07,29666,29766,28833,29267,201756.0
2014-04-08,28933,29400,28200,29067,153862.0
2014-04-09,29600,29633,28600,28800,107623.0
2014-04-10,29033,29633,28666,29333,86323.0
2014-04-11,28333,28466,27499,27800,239358.0
2014-04-14,27733,28233,27433,27967,123093.0
2014-04-15,27999,28333,27566,27700,113354.0
2014-04-16,27833,29433,27833,28667,227796.0
2014-04-17,29166,29366,28366,28733,119428.0
2014-04-18,28900,29133,28266,28533,85906.0
2014-04-21,28600,29233,27533,27667,125885.0
2014-04-22,27933,28233,27666,27800,80257.0
2014-04-23,28166,29000,27966,27967,145539.0
2014-04-24,28133,28333,27000,28333,106293.0
2014-04-25,28366,28633,27400,27700,71385.0
2014-04-28,27366,27733,27233,27467,52282.0
2014-04-29,27833,28433,27633,28000,116124.0
2014-04-30,28066,28300,27733,28000,46594.0
2014-05-02,28266,29333,28166,28567,233722.0
2014-05-07,28466,28500,27500,27733,105215.0
2014-05-08,27733,28400,27566,27733,67485.0
2014-05-09,27566,28166,27300,27833,67365.0
2014-05-12,27966,27966,27366,27900,49732.0
2014-05-13,28266,29000,28266,28800,181012.0
2014-05-14,28966,29133,28533,28867,124499.0
2014-05-15,28933,30133,28766,29600,256955.0
2014-05-16,29500,29766,28166,28533,198060.0
2014-05-19,28466,28600,27066,27267,172234.0
2014-05-20,27300,27766,26566,27267,166561.0
2014-05-21,26700,27533,26700,27333,61758.0
2014-05-22,27433,27699,27166,27167,56418.0
2014-05-23,27300,28566,27300,27800,113279.0
2014-05-26,27800,28066,27500,27567,52820.0
2014-05-27,27666,27900,26833,27233,77311.0
2014-05-28,27266,27466,26733,27167,70901.0
2014-05-29,27066,27633,27033,27433,41299.0
2014-05-30,28000,28699,27666,28467,242453.0
2014-06-02,28500,28533,27333,27367,90173.0
2014-06-03,27466,27466,26533,26533,136381.0
2014-06-05,26533,27266,26533,26767,68376.0
2014-06-09,26566,27100,24866,24933,214805.0
2014-06-10,24900,25566,24866,25467,84352.0
2014-06-11,25566,26000,25200,26000,57288.0
2014-06-12,25933,26033,25466,25900,61049.0
2014-06-13,25766,26000,25200,25333,80948.0
2014-06-16,25400,25633,25033,25633,54510.0
2014-06-17,25833,26233,25800,26233,69224.0
2014-06-18,26333,26333,25733,25800,43054.0
2014-06-19,25899,26133,25400,25667,39886.0
2014-06-20,25566,25900,25433,25633,30770.0
2014-06-23,25633,25833,25333,25600,31576.0
2014-06-24,25600,25700,24466,24800,105223.0
2014-06-25,24666,24733,23333,23333,183074.0
2014-06-26,23500,24100,23433,24033,81178.0
2014-06-27,24033,24266,23666,23733,49186.0
2014-06-30,23766,24400,23733,24400,44171.0
2014-07-01,24400,25233,24300,25033,96847.0
2014-07-02,25200,25233,24833,25067,43342.0
2014-07-03,24966,25166,24700,25067,43512.0
2014-07-04,24966,25633,24666,25433,71487.0
2014-07-07,25800,26533,25666,26033,107691.0
2014-07-08,25833,25933,25333,25833,79220.0
2014-07-09,25500,25800,25166,25267,59959.0
2014-07-10,25533,25833,25200,25333,59095.0
2014-07-11,25200,26566,25200,26167,143346.0
2014-07-14,26200,26400,25900,26233,64837.0
2014-07-15,26433,26433,25433,25467,66931.0
2014-07-16,25333,25466,23900,24167,165156.0
2014-07-17,24300,24833,24066,24667,63491.0
2014-07-18,24466,24700,24300,24600,36265.0
2014-07-21,24733,25633,24733,25200,95237.0
2014-07-22,25300,28966,25000,28967,617058.0
2014-07-23,29600,31400,28900,30533,964599.0
2014-07-24,30833,35000,30666,34733,1203965.0
2014-07-25,34133,35200,33533,33867,464682.0
2014-07-28,34333,36866,32666,33333,687708.0
2014-07-29,33400,33933,31566,32500,444205.0
2014-07-30,32466,33466,31900,32733,439757.0
2014-07-31,32600,32766,31100,31733,336148.0
2014-08-01,31300,33666,31200,31833,563703.0
2014-08-04,31733,33166,30833,33167,317179.0
2014-08-05,33333,33600,32133,32167,291808.0
2014-08-06,32000,36933,31566,36933,968485.0
2014-08-07,38466,39266,36800,38667,733038.0
2014-08-08,38133,40199,36933,39733,637577.0
2014-08-11,39733,39800,38000,38000,366486.0
2014-08-12,38866,41466,35133,36667,1240698.0
2014-08-13,36666,37800,35800,37000,391665.0
2014-08-14,37466,37666,36200,37467,227881.0
2014-08-18,37400,39066,36933,37600,300054.0
2014-08-19,38266,38733,37133,38667,269181.0
2014-08-20,38400,39666,37866,38067,371552.0
2014-08-21,38000,38466,34666,34667,393714.0
2014-08-22,35400,35599,34066,34533,379958.0
2014-08-25,34733,35466,34200,34200,227337.0
2014-08-26,34533,36866,34200,36267,340754.0
2014-08-27,36666,36866,35266,35333,157958.0
2014-08-28,35266,36533,35066,35200,137213.0
2014-08-29,35000,36266,33033,33067,281577.0
2014-09-01,33733,34600,33300,34467,169564.0
2014-09-02,34200,34466,33266,33733,125443.0
2014-09-03,33666,35200,33666,34467,156128.0
2014-09-04,34800,35666,34266,34867,131603.0
2014-09-05,34800,34933,34066,34200,110580.0
2014-09-11,34000,34200,33266,33267,102327.0
2014-09-12,33666,33999,32199,32933,156302.0
2014-09-15,33000,33733,32666,33167,82183.0
2014-09-16,33466,34133,33199,33733,85331.0
2014-09-17,33933,34066,33166,33267,87214.0
2014-09-18,33333,33466,32099,32267,138792.0
2014-09-19,32300,33066,32300,33000,93215.0
2014-09-22,33133,33666,32700,33267,108602.0
2014-09-23,33800,35733,33800,34667,358354.0
2014-09-24,35133,35333,34466,34733,141419.0
2014-09-25,35666,36066,34666,34733,221607.0
2014-09-26,34266,34266,33300,33467,166775.0
2014-09-29,33300,33466,31900,32133,191970.0
2014-09-30,32000,32900,31800,32500,112296.0
2014-10-01,32500,33166,31733,31733,125057.0
2014-10-02,31266,32366,30700,32000,124544.0
2014-10-06,32000,32233,30233,30267,183781.0
2014-10-07,31133,32400,30800,30933,202535.0
2014-10-08,30700,31633,30200,30533,109461.0
2014-10-10,30433,30433,27900,28200,267132.0
2014-10-13,28000,28166,26699,27267,157683.0
2014-10-14,27033,27933,26633,26933,201543.0
2014-10-15,27200,30500,27200,29733,441691.0
2014-10-16,29866,30500,28933,29200,241844.0
2014-10-17,29633,31100,29466,30000,225356.0
2014-10-20,30000,31766,29466,31167,225920.0
2014-10-21,31400,31799,30766,31100,160945.0
2014-10-22,32233,32866,31066,31067,250371.0
2014-10-23,31600,31966,30366,30367,183124.0
2014-10-24,30966,33266,30866,32967,492233.0
2014-10-27,33466,33666,31933,32133,210231.0
2014-10-28,32333,33233,31666,32433,164784.0
2014-10-29,32933,33800,31633,31700,270541.0
2014-10-30,31700,31733,29766,29867,247316.0
2014-10-31,29800,30433,29000,29533,130875.0
2014-11-03,29866,31033,29733,30567,125281.0
2014-11-04,30699,31499,29000,29067,158808.0
2014-11-05,29200,30600,28900,29300,156761.0
2014-11-06,29566,29666,26800,27300,406285.0
2014-11-07,27200,27966,26533,27833,152209.0
2014-11-10,27833,28100,27133,27233,113945.0
2014-11-11,27233,28466,27200,27667,148964.0
2014-11-12,27933,28099,27400,27400,77034.0
2014-11-13,27733,27800,27166,27267,91748.0
2014-11-14,27333,27533,26600,26667,128541.0
2014-11-17,26866,26866,25233,25333,200936.0
2014-11-18,25233,26200,25233,25933,87068.0
2014-11-19,26200,27133,26200,26667,119289.0
2014-11-20,27133,27233,25966,26267,63808.0
2014-11-21,26800,27033,25866,25867,74962.0
2014-11-24,26133,26133,25200,25800,126204.0
2014-11-25,25800,27133,25800,26400,111635.0
2014-11-26,26666,27033,26466,27000,76294.0
2014-11-27,27133,27133,26100,26600,85578.0
2014-11-28,26833,26833,26066,26167,84348.0
2014-12-01,26066,26066,25166,25433,94989.0
2014-12-02,25200,27000,25200,26933,152178.0
2014-12-03,27166,28133,26800,27900,182577.0
2014-12-04,28000,28233,27333,28000,101656.0
2014-12-05,28033,28533,27766,28000,116017.0
2014-12-08,27766,28100,27366,27633,156263.0
2014-12-09,28066,28400,27700,27867,199273.0
2014-12-10,27966,28266,27300,28033,127881.0
2014-12-11,28066,28066,27433,27633,118681.0
2014-12-12,27833,27866,27000,27000,79040.0
2014-12-15,27000,27500,26866,27333,54914.0
2014-12-16,27300,28266,26200,26200,140605.0
2014-12-17,26333,26500,25566,25867,104657.0
2014-12-18,26000,26200,24400,25567,159015.0
2014-12-19,25700,26400,25600,25900,76838.0
2014-12-22,26300,26300,25666,25833,48619.0
2014-12-23,26066,27500,25966,26800,142031.0
2014-12-24,26966,27133,26433,26800,39786.0
2014-12-26,26699,27299,26466,26467,81073.0
2014-12-29,26666,27133,26033,26300,92891.0
2014-12-30,26333,26466,25633,25800,83092.0
2015-01-02,25866,26833,25666,26400,75735.0
2015-01-05,26533,28333,26533,28333,234783.0
2015-01-06,28266,29300,27933,28733,231460.0
2015-01-07,28733,29233,28433,28933,96986.0
2015-01-08,29600,30000,28800,28933,153285.0
2015-01-09,29300,29933,28933,29733,118546.0
2015-01-12,29566,29966,29333,29900,86784.0
2015-01-13,30100,33033,30100,31633,690641.0
2015-01-14,32300,32666,31533,31933,254046.0
2015-01-15,32133,33333,31666,33267,298770.0
2015-01-16,33333,33533,32033,32067,170454.0
2015-01-19,32566,32566,31566,32333,159541.0
2015-01-20,32300,33133,31666,32900,144590.0
2015-01-21,33033,33666,32366,32533,129669.0
2015-01-22,32400,32633,30800,31500,197770.0
2015-01-23,31633,32133,31266,32000,85597.0
2015-01-26,31900,32300,31200,31733,79098.0
2015-01-27,32033,35133,31966,34600,514626.0
2015-01-28,34466,36200,34000,35933,337556.0
2015-01-29,35666,36666,35066,35733,233833.0
2015-01-30,35999,37666,35199,37333,298693.0
2015-02-02,37200,38666,36266,38000,281424.0
2015-02-03,38333,38933,37466,38000,182839.0
2015-02-04,38133,39600,37733,38400,177963.0
2015-02-05,38666,39133,38066,38067,129538.0
2015-02-06,38200,38333,36666,37133,254843.0
2015-02-09,37599,38733,35533,35933,342971.0
2015-02-10,35933,36200,34533,36133,284841.0
2015-02-11,36400,38466,36333,37867,241940.0
2015-02-12,37799,37999,36466,36533,127353.0
2015-02-13,36533,40999,36333,39533,660547.0
2015-02-16,38533,40599,36466,36933,505148.0
2015-02-17,36799,37466,34600,34733,315021.0
2015-02-23,35466,37333,35000,36667,299534.0
2015-02-24,36800,36933,35666,35867,149731.0
2015-02-25,36066,36266,33466,34000,318360.0
2015-02-26,33866,35333,33866,34867,260810.0
2015-02-27,34666,37733,34133,36533,522930.0
2015-03-02,37066,38866,34866,35467,457686.0
2015-03-03,36000,36133,34466,34600,178460.0
2015-03-04,34600,35533,34533,35267,109462.0
2015-03-05,35466,35599,34333,34533,96333.0
2015-03-06,34666,35733,34266,35667,116073.0
2015-03-09,35533,35600,34266,34400,121826.0
2015-03-10,34600,34866,32933,33800,142825.0
2015-03-11,33133,34333,33133,34267,64233.0
2015-03-12,34533,35333,34000,35133,90834.0
2015-03-13,35400,35400,34466,35000,107574.0
2015-03-16,35133,36533,34600,36333,176930.0
2015-03-17,36333,37600,36200,37200,254802.0
2015-03-18,39000,41950,38400,39050,662625.0
2015-03-19,39700,39700,36950,37900,237963.0
2015-03-20,38300,39650,38250,38600,138870.0
2015-03-23,39050,39250,38000,38000,82382.0
2015-03-24,38000,38550,37300,37800,83481.0
2015-03-25,37600,39150,37600,39000,95444.0
2015-03-26,38500,38500,37400,37950,109431.0
2015-03-27,37950,38150,36950,37200,93296.0
2015-03-30,37600,38000,36850,37700,52846.0
2015-03-31,37850,37900,37250,37250,57020.0
2015-04-01,37300,37400,36200,36500,109201.0
2015-04-02,36500,41700,36500,40200,450549.0
2015-04-03,41300,43350,40250,40650,326923.0
2015-04-06,40650,40650,39450,39600,120309.0
2015-04-07,40000,42250,39800,40750,254427.0
2015-04-08,40600,41000,39500,40100,114873.0
2015-04-09,39700,41150,39150,40500,156334.0
2015-04-10,41000,41400,39650,39700,192783.0
2015-04-13,39000,40500,38750,39700,326349.0
2015-04-14,39850,43100,39150,40200,900365.0
2015-04-15,40950,41850,40500,41500,347035.0
2015-04-16,41500,42650,40300,41700,405072.0
2015-04-17,42000,45750,41450,44550,942067.0
2015-04-20,43900,45750,43800,44200,475130.0
2015-04-21,44050,44850,43050,43400,273293.0
2015-04-22,43900,44550,40050,41600,604380.0
2015-04-23,41600,41850,39500,40100,293078.0
2015-04-24,40700,40950,39150,39800,209599.0
2015-04-27,40050,40500,39300,39500,162623.0
2015-04-28,39550,39900,38650,38900,191172.0
2015-04-29,38900,39600,38300,39150,146748.0
2015-04-30,39100,39150,36700,37500,328133.0
2015-05-04,37650,37800,35400,35450,235730.0
2015-05-06,35000,35450,34000,34150,206326.0
2015-05-07,34250,35750,32800,35750,329249.0
2015-05-08,35800,36300,35300,35800,121857.0
2015-05-11,36200,36350,35450,35450,126452.0
2015-05-12,35100,36450,34900,35300,121309.0
2015-05-13,34950,35800,33800,35700,166350.0
2015-05-14,35950,35950,34250,34700,154452.0
2015-05-15,34950,35300,34450,35000,167201.0
2015-05-18,35550,37800,35500,36600,458248.0
2015-05-19,36650,37650,35800,36700,204701.0
2015-05-20,36600,38350,35950,37350,346561.0
2015-05-21,37450,39450,37450,38550,349772.0
2015-05-22,38600,39150,36500,36800,236948.0
2015-05-26,36350,36400,35000,35700,191017.0
2015-05-27,35600,36700,34500,35750,177329.0
2015-05-28,36700,37050,36250,36300,118637.0
2015-05-29,36000,38000,35700,37800,257172.0
2015-06-01,38650,41000,38650,39300,538243.0
2015-06-02,39900,40000,38100,39200,246994.0
2015-06-03,39250,39800,37050,37100,229792.0
2015-06-04,37450,38100,36650,37550,125531.0
2015-06-05,37100,38450,36850,38200,168106.0
2015-06-08,38700,38850,36800,36900,146928.0
2015-06-09,36900,37150,36050,36800,158855.0
2015-06-10,37150,37350,35500,36150,205237.0
2015-06-11,36200,36350,35450,35800,115328.0
2015-06-12,35800,36900,35650,35650,139515.0
2015-06-15,35550,36900,35400,35650,118142.0
2015-06-16,35700,36250,34300,35200,151472.0
2015-06-17,35600,37150,34400,36400,155867.0
2015-06-18,36700,39100,36600,39100,422225.0
2015-06-19,39500,39900,38300,38950,186601.0
2015-06-22,38900,39050,38000,38600,174410.0
2015-06-23,39050,41500,38700,41500,678070.0
2015-06-24,41950,42750,41200,41650,401015.0
2015-06-25,41650,42350,40800,42100,274156.0
2015-06-26,42300,43350,39300,39300,517521.0
2015-06-29,37850,39400,37650,38250,247380.0
2015-06-30,39000,39700,37600,38750,226542.0
2015-07-01,38850,40250,38550,40000,195287.0
2015-07-02,40300,42150,39800,40600,372097.0
2015-07-03,40600,41950,39500,41500,313761.0
2015-07-06,40500,44800,40000,42050,819233.0
2015-07-07,43050,44300,37700,38300,695451.0
2015-07-08,38350,38700,36600,37600,252485.0
2015-07-09,37000,38150,35600,38150,275269.0
2015-07-10,38250,39300,37900,38800,308759.0
2015-07-13,38800,40850,38300,40350,197877.0
2015-07-14,40550,40950,39900,40300,90724.0
2015-07-15,40600,41850,40100,40450,183260.0
2015-07-16,40450,41250,39000,39600,189799.0
2015-07-17,40300,42850,39600,41800,462028.0
2015-07-20,42350,44450,41650,43700,547365.0
2015-07-21,44100,49600,43800,48450,1637964.0
2015-07-22,48650,49650,47400,48800,591905.0
2015-07-23,49050,49500,47650,49000,376529.0
2015-07-24,49200,50400,48150,49350,478160.0
2015-07-27,48400,48400,44850,44850,592316.0
2015-07-28,43800,46700,42950,46600,475683.0
2015-07-29,47200,47500,42500,42600,320259.0
2015-07-30,43400,44150,41500,41800,292027.0
2015-07-31,41500,43100,40350,42850,227140.0
2015-08-03,42900,43450,38350,38350,398065.0
2015-08-04,38000,39500,37450,39500,242974.0
2015-08-05,39900,41200,39550,40500,172785.0
2015-08-06,41200,42150,40600,41200,166999.0
2015-08-07,40100,41700,39650,41600,166004.0
2015-08-10,41600,41800,39700,41000,180033.0
2015-08-11,41300,42400,39950,39950,154487.0
2015-08-12,39500,39550,36200,38200,303564.0
2015-08-13,38200,39550,37500,39350,119374.0
2015-08-17,39750,39750,38500,38500,83171.0
2015-08-18,39950,41900,38700,39300,377845.0
2015-08-19,38500,39300,36350,37350,259497.0
2015-08-20,37000,38750,36350,36750,198963.0
2015-08-21,34850,35300,32100,33200,351184.0
2015-08-24,32500,33700,29850,30000,454483.0
2015-08-25,30750,32550,29800,31600,337718.0
2015-08-26,31150,33350,31150,33300,228508.0
2015-08-27,33950,34450,33050,33300,152839.0
2015-08-28,34000,34550,33500,34000,121492.0
2015-08-31,34100,34300,32900,33300,113808.0
2015-09-01,33150,33900,32850,32850,70134.0
2015-09-02,32000,32850,31500,32850,108744.0
2015-09-03,33550,33800,32700,32800,64646.0
2015-09-04,32800,33300,30750,31600,119268.0
2015-09-07,31550,32700,30450,31400,81375.0
2015-09-08,31400,31750,30400,31300,92073.0
2015-09-09,32200,32850,31700,32850,91165.0
2015-09-10,32500,33250,32300,33100,63979.0
2015-09-11,33150,33300,32400,32750,65983.0
2015-09-14,33200,33200,31800,32550,55375.0
2015-09-15,32350,33050,32350,32950,47278.0
2015-09-16,33300,34000,32950,33900,94049.0
2015-09-17,34350,34350,33450,34100,81785.0
2015-09-18,34300,35500,34250,35500,145179.0
2015-09-21,34900,35400,34450,35400,67635.0
2015-09-22,35200,35550,34800,35500,74437.0
2015-09-23,35000,35200,34200,34950,120867.0
2015-09-24,35000,35800,34600,35350,94817.0
2015-09-25,35350,35650,34300,34600,99730.0
2015-09-30,33700,34300,32750,34300,85118.0
2015-10-01,34950,34950,34050,34300,51795.0
2015-10-02,34400,34800,34100,34300,67865.0
2015-10-05,34700,35300,34250,34350,88807.0
2015-10-06,34600,35150,34350,34700,85221.0
2015-10-07,34350,34800,34050,34050,75715.0
2015-10-08,34600,34800,34150,34500,65996.0
2015-10-12,34700,35200,34350,34900,62737.0
2015-10-13,35000,36650,34900,36450,232908.0
2015-10-14,36600,37100,35900,36650,144079.0
2015-10-15,36700,37450,36600,37200,109702.0
2015-10-16,37600,37800,36850,37800,90890.0
2015-10-19,37800,38050,37200,37850,64318.0
2015-10-20,38000,39200,37500,38700,180313.0
2015-10-21,38750,39000,38050,38400,101577.0
2015-10-22,37950,38650,37150,37850,118050.0
2015-10-23,38500,38700,37650,37950,96543.0
2015-10-26,38600,39500,37950,39400,141781.0
2015-10-27,39400,39500,38150,39400,75265.0
2015-10-28,39400,39850,39000,39400,85849.0
2015-10-29,39300,39300,38450,39000,86084.0
2015-10-30,38900,38900,37600,38100,75504.0
2015-11-02,37900,38450,37450,38100,60324.0
2015-11-03,38100,38400,37350,37800,57235.0
2015-11-04,38000,38600,37500,38200,70821.0
2015-11-05,38200,39700,38200,39250,102727.0
2015-11-06,40000,40900,38750,40800,234621.0
2015-11-09,40750,40900,38350,38350,201803.0
2015-11-10,38350,38350,36000,36900,168997.0
2015-11-11,36750,38550,36700,38350,75163.0
2015-11-12,38400,40600,38350,39400,136926.0
2015-11-13,39200,39200,38050,39000,80622.0
2015-11-16,38050,39000,37900,38300,65592.0
2015-11-17,39000,39700,38650,39450,89378.0
2015-11-18,39450,40000,38400,38500,90829.0
2015-11-19,39200,39950,38750,39850,110912.0
2015-11-20,39750,40100,39150,39400,139642.0
2015-11-23,39850,41500,38650,38800,327544.0
2015-11-24,38900,39350,38200,38500,129848.0
2015-11-25,38800,39200,38050,38050,92177.0
2015-11-26,38150,38450,37350,38200,93275.0
2015-11-27,38050,38550,37150,37250,102960.0
2015-11-30,36800,37900,36750,37900,82048.0
2015-12-01,37900,38000,37450,37550,45530.0
2015-12-02,37900,38600,37450,38250,88816.0
2015-12-03,38250,38250,37400,37700,48705.0
2015-12-04,37250,37600,37000,37100,41944.0
2015-12-07,37550,37550,36600,36900,40876.0
2015-12-08,36900,37050,35700,36000,76713.0
2015-12-09,36000,36350,35500,35700,58761.0
2015-12-10,35950,36050,34650,35250,84056.0
2015-12-11,35500,35550,34100,34300,66705.0
2015-12-14,33800,34150,33000,33000,109318.0
2015-12-15,33450,34400,33100,33850,78140.0
2015-12-16,34400,34750,34300,34500,51429.0
2015-12-17,34800,35150,34400,34550,59721.0
2015-12-18,34400,35250,33800,34850,65151.0
2015-12-21,34500,35300,34450,34750,78903.0
2015-12-22,34850,35000,34000,34000,68649.0
2015-12-23,34150,34350,33500,33500,101475.0
2015-12-24,33600,34300,33600,34300,142754.0
2015-12-28,34500,34500,33200,33400,114898.0
2015-12-29,33900,35250,33700,35100,114309.0
2015-12-30,35500,35500,34600,34700,106804.0
2016-01-04,35000,35900,34950,35100,95812.0
2016-01-05,34750,36600,34750,36550,110036.0
2016-01-06,36950,37150,36000,36600,179552.0
2016-01-07,36300,37000,35900,36250,103987.0
2016-01-08,35800,36600,35100,36300,97435.0
2016-01-11,36300,38800,36300,38200,356530.0
2016-01-12,37900,38500,37500,38100,128395.0
2016-01-13,38350,38350,37850,38000,104872.0
2016-01-14,37100,38300,37050,38200,124338.0
2016-01-15,38400,39050,37350,37700,148449.0
2016-01-18,37000,38050,37000,37550,64557.0
2016-01-19,37850,38350,37500,37800,99489.0
2016-01-20,38000,39300,36950,37700,238902.0
2016-01-21,38200,38550,37300,37650,121170.0
2016-01-22,37900,38000,36500,37100,125646.0
2016-01-25,37500,38350,37250,38100,95054.0
2016-01-26,37950,37950,37250,37500,60120.0
2016-01-27,37800,38650,37400,38150,136855.0
2016-01-28,37800,38200,37550,37800,75876.0
2016-01-29,37800,37900,36000,36900,175313.0
2016-02-01,37200,37350,36650,36900,72664.0
2016-02-02,37300,38700,37250,37750,207239.0
2016-02-03,37500,38800,37100,38800,140452.0
2016-02-04,38950,39000,38200,38350,126063.0
2016-02-05,38350,38650,37550,38100,76202.0
2016-02-11,36950,37250,35100,35500,278706.0
2016-02-12,34950,35200,33150,34500,296837.0
2016-02-15,35450,35500,33700,34600,111496.0
2016-02-16,34800,35400,34800,35000,81687.0
2016-02-17,35050,35300,34000,34200,95418.0
2016-02-18,34900,35750,34700,35600,107274.0
2016-02-19,35500,35500,34900,35450,54428.0
2016-02-22,35450,36350,35300,35500,83324.0
2016-02-23,36050,36100,34700,34750,68005.0
2016-02-24,34700,35200,34250,34300,65273.0
2016-02-25,34500,34800,33950,34200,71982.0
2016-02-26,34750,34750,34100,34200,44319.0
2016-02-29,34400,34650,33800,34200,34204.0
2016-03-02,34600,35300,34400,35250,55884.0
2016-03-03,35250,35450,34900,35400,48511.0
2016-03-04,35150,35600,35150,35400,45082.0
2016-03-07,35450,35500,34850,35250,52476.0
2016-03-08,34900,35250,34500,34750,52622.0
2016-03-09,34750,35700,34700,35500,61576.0
2016-03-10,35550,35800,35250,35750,56040.0
2016-03-11,35750,35950,35250,35250,38323.0
2016-03-14,35450,36900,35400,36700,127731.0
2016-03-15,36850,36950,35550,35700,84923.0
2016-03-16,35700,35950,35150,35600,57678.0
2016-03-17,35600,35900,35250,35250,58862.0
2016-03-18,35250,35900,35250,35600,51378.0
2016-03-21,35900,35900,34900,35100,50827.0
2016-03-22,35450,35800,35100,35400,53083.0
2016-03-23,35350,35500,34400,34500,85749.0
2016-03-24,34500,34800,34200,34700,59931.0
2016-03-25,34750,34750,34050,34200,54989.0
2016-03-28,34100,34400,33900,33950,40352.0
2016-03-29,33750,34800,33750,34750,51262.0
2016-03-30,35050,35050,34400,34950,43094.0
2016-03-31,35050,35050,34300,34550,32886.0
2016-04-01,34800,36250,34600,35950,148362.0
2016-04-04,36200,36500,35900,36250,86700.0
2016-04-05,36200,36350,35500,36200,66127.0
2016-04-06,36250,36850,35850,36100,85023.0
2016-04-07,36600,36600,35600,35600,52919.0
2016-04-08,35600,36900,35350,36900,149357.0
2016-04-11,37250,37900,36400,36800,182054.0
2016-04-12,36500,37200,36150,36900,67241.0
2016-04-14,37350,37600,35900,36050,89426.0
2016-04-15,36000,36350,35700,35900,47123.0
2016-04-18,35900,36350,35450,36150,49273.0
2016-04-19,36350,36550,36000,36200,45133.0
2016-04-20,36050,36650,35250,35900,80771.0
2016-04-21,35800,35800,35000,35100,90653.0
2016-04-22,35200,35750,35000,35300,80280.0
2016-04-25,35300,35350,34900,34950,40014.0
2016-04-26,34950,35550,34950,35400,44936.0
2016-04-27,35300,35400,34850,34850,41543.0
2016-04-28,35250,35250,34500,34950,53066.0
2016-04-29,34850,35100,34750,35100,33490.0
2016-05-02,34900,35300,34700,34800,41502.0
2016-05-03,34800,35450,34700,35250,35366.0
2016-05-04,35200,35250,34750,35050,38651.0
2016-05-09,35750,36100,35350,35900,93989.0
2016-05-10,36050,36600,35750,36300,74729.0
2016-05-11,36300,36500,35450,35800,53301.0
2016-05-12,35800,36850,35800,36100,88270.0
2016-05-13,36450,37200,36100,37100,143241.0
2016-05-16,37100,37500,36350,37050,96401.0
2016-05-17,37050,37250,36000,36300,93896.0
2016-05-18,36200,36650,35700,35800,53391.0
2016-05-19,35700,36400,35400,35500,60429.0
2016-05-20,35500,36450,35500,36350,49078.0
2016-05-23,36650,38100,36650,37250,238236.0
2016-05-24,37050,37600,36950,37150,83747.0
2016-05-25,37900,40450,37450,39100,705705.0
2016-05-26,39050,39350,38250,39000,177777.0
2016-05-27,38950,39300,38300,39050,137665.0
2016-05-30,39150,39150,38300,38750,97606.0
2016-05-31,38900,40000,38750,39250,225579.0
2016-06-01,39500,39750,39000,39350,120876.0
2016-06-02,39350,40650,39100,40250,189012.0
2016-06-03,40500,41150,39900,40400,130224.0
2016-06-07,40350,40550,38850,39550,186903.0
2016-06-08,39450,40050,38700,39950,149562.0
2016-06-09,40700,41700,38900,40500,345712.0
2016-06-10,40500,41050,39600,41050,135236.0
2016-06-13,40500,40600,39750,39850,115684.0
2016-06-14,39350,39900,38900,39550,101461.0
2016-06-15,39500,39850,39050,39700,56511.0
2016-06-16,39950,39950,38000,38000,147685.0
2016-06-17,38600,38950,37600,38300,103665.0
2016-06-20,38550,39150,38100,38850,63485.0
2016-06-21,39000,39000,38450,38650,46866.0
2016-06-22,38600,39450,38450,38700,72592.0
2016-06-23,38700,38800,37250,37650,102699.0
2016-06-24,38300,38350,35000,35550,215500.0
2016-06-27,34550,35900,34550,35900,151543.0
2016-06-28,35600,40150,35450,38950,523342.0
2016-06-29,39550,39550,38800,39150,144339.0
2016-06-30,39400,40700,39100,39100,220084.0
2016-07-01,39300,41300,39150,40150,361231.0
2016-07-04,40850,42200,40650,41000,245267.0
2016-07-05,41000,41400,39900,40850,187561.0
2016-07-06,40350,40800,39500,39850,135151.0
2016-07-07,40200,40750,40100,40650,98726.0
2016-07-08,40850,40900,39300,40000,120220.0
2016-07-11,40000,40650,39550,40650,94857.0
2016-07-12,40850,41050,39700,39700,108669.0
2016-07-13,40400,40450,39500,39550,59743.0
2016-07-14,39550,39850,39100,39300,72343.0
2016-07-15,39350,39700,38550,38900,169242.0
2016-07-18,38900,39300,38650,38950,52933.0
2016-07-19,39150,39750,39150,39250,62609.0
2016-07-20,39250,39450,38700,38850,47493.0
2016-07-21,38800,39100,38500,38550,58100.0
2016-07-22,38250,38750,38000,38200,54847.0
2016-07-25,38200,38300,37300,37350,82971.0
2016-07-26,37350,38300,37200,38300,55046.0
2016-07-27,38350,38400,37350,37350,63857.0
2016-07-28,37350,38000,37200,37700,42838.0
2016-07-29,37950,38200,37300,38000,61016.0
2016-08-01,38000,38250,36750,37400,113867.0
2016-08-02,37300,37600,36700,36800,66475.0
2016-08-03,36900,36900,36050,36850,70215.0
2016-08-04,36900,36950,36550,36850,47665.0
2016-08-05,36650,36950,36100,36500,47313.0
2016-08-08,36300,36900,36200,36400,53147.0
2016-08-09,36700,37400,36400,37150,69648.0
2016-08-10,37250,37550,36800,37500,61169.0
2016-08-11,37650,37750,36950,37150,46969.0
2016-08-12,37450,37650,36300,36950,98595.0
2016-08-16,37000,37550,36400,36850,48513.0
2016-08-17,36600,36800,35900,36450,82012.0
2016-08-18,36350,36550,36050,36450,31986.0
2016-08-19,36200,36500,36000,36150,33700.0
2016-08-22,36150,36200,34950,35350,104990.0
2016-08-23,35400,35950,35350,35700,50491.0
2016-08-24,35800,35900,35100,35150,42333.0
2016-08-25,35100,35500,35000,35150,34213.0
2016-08-26,35150,35700,34800,35350,27579.0
2016-08-29,35050,35150,33850,34100,107144.0
2016-08-30,34200,34600,34100,34250,50356.0
2016-08-31,34300,34450,33050,33950,65480.0
2016-09-01,33650,34850,33650,34800,41985.0
2016-09-02,34700,35100,34450,34800,33140.0
2016-09-05,35000,35150,34750,34750,22930.0
2016-09-06,35100,35100,34400,34600,28220.0
2016-09-07,34550,34900,34000,34100,37125.0
2016-09-08,34150,34800,33400,33600,128597.0
2016-09-09,33550,34000,33100,33600,38189.0
2016-09-12,33100,33500,32250,32400,73421.0
2016-09-13,32700,33200,32600,32750,36171.0
2016-09-19,32500,33200,32400,33200,36388.0
2016-09-20,33000,34050,33000,33600,29439.0
2016-09-21,33650,34200,33500,34200,30630.0
2016-09-22,34300,34400,34050,34100,22271.0
2016-09-23,34250,34450,34050,34450,19997.0
2016-09-26,34450,34750,34150,34400,20277.0
2016-09-27,34300,34350,33550,34250,49326.0
2016-09-28,34150,34300,33950,34000,23034.0
2016-09-29,34800,35450,34800,34950,90243.0
2016-09-30,35000,35200,34000,34000,52762.0
2016-10-04,34000,35050,34000,34600,45345.0
2016-10-05,34600,35650,34600,35650,92747.0
2016-10-06,37400,37800,35650,35700,399699.0
2016-10-07,36400,36500,35050,35250,111642.0
2016-10-10,35350,36350,35250,35850,102795.0
2016-10-11,35850,36450,35450,36050,51965.0
2016-10-12,35950,37500,35450,36800,186117.0
2016-10-13,36600,36650,35800,35850,62571.0
2016-10-14,35750,36250,35600,35850,24515.0
2016-10-17,35850,36500,35600,35800,37509.0
2016-10-18,35650,35650,34400,34600,78139.0
2016-10-19,34850,35100,34600,34700,24096.0
2016-10-20,34750,35100,34450,34500,46716.0
2016-10-21,34500,34700,33900,34450,40544.0
2016-10-24,34550,35250,34550,35000,41067.0
2016-10-25,35100,36600,35100,35600,248395.0
2016-10-26,35900,36100,33500,34250,125714.0
2016-10-27,34100,35150,34000,35150,52682.0
2016-10-28,35350,35400,33900,34300,77015.0
2016-10-31,34100,34100,33100,33300,75553.0
2016-11-01,32950,33850,32950,33250,49431.0
2016-11-02,33050,33250,31900,31900,78919.0
2016-11-03,31400,32800,31400,31900,67956.0
2016-11-04,32000,32400,31800,32400,33365.0
2016-11-07,32800,32900,32400,32750,41257.0
2016-11-08,32850,33400,32700,33100,40977.0
2016-11-09,33000,33350,31000,32900,112738.0
2016-11-10,33400,33900,33100,33900,66802.0
2016-11-11,33900,34000,32950,33450,48850.0
2016-11-14,33400,33650,33100,33450,27234.0
2016-11-15,31900,32750,31400,32550,88526.0
2016-11-16,32900,33200,32800,33100,25648.0
2016-11-17,33150,33200,32700,33200,21352.0
2016-11-18,33000,33200,32550,32850,24004.0
2016-11-21,32500,32850,31800,32100,42298.0
2016-11-22,32150,32400,31700,31800,25220.0
2016-11-23,31750,32000,31050,31150,56031.0
2016-11-24,30950,31300,30150,30900,53031.0
2016-11-25,31050,32200,31000,31650,45018.0
2016-11-28,31950,32000,31050,31150,21148.0
2016-11-29,30900,31600,30900,31400,27849.0
2016-11-30,31400,31900,31350,31900,19993.0
2016-12-01,31900,31950,31450,31550,15536.0
2016-12-02,31400,31450,30500,30950,49320.0
2016-12-05,30750,30950,30000,30650,34532.0
2016-12-06,30700,31150,30650,30700,18152.0
2016-12-07,30700,31000,30400,30800,24849.0
2016-12-08,30850,31700,30850,31450,33957.0
2016-12-09,31450,31800,31100,31800,31002.0
2016-12-12,31950,32200,31750,32050,24548.0
2016-12-13,32050,32300,31900,32300,34851.0
2016-12-14,32350,32500,32050,32400,29240.0
2016-12-15,32400,32500,32100,32350,32377.0
2016-12-16,32400,32400,31850,32200,37070.0
2016-12-19,32250,33000,32100,32950,44138.0
2016-12-20,32950,33100,32300,32700,30090.0
2016-12-21,32700,32700,31900,32250,33703.0
2016-12-22,32000,32250,31500,31550,30880.0
2016-12-23,32000,32250,31700,32050,39014.0
2016-12-26,32250,32250,31500,31750,38897.0
2016-12-27,31800,32100,31700,32000,40749.0
2016-12-28,32200,32400,31800,32300,33461.0
2016-12-29,32250,33000,32250,32900,52143.0
2017-01-02,33100,33150,32600,32850,24403.0
2017-01-03,32600,32850,32150,32550,47413.0
2017-01-04,32750,32900,32200,32800,51387.0
2017-01-05,32950,33800,32700,33500,86091.0
2017-01-06,33750,33750,32850,32850,52403.0
2017-01-09,33050,33200,32250,32550,58657.0
2017-01-10,32400,32550,31650,31700,72173.0
2017-01-11,31850,31850,31150,31450,67226.0
2017-01-12,31400,31600,30750,30900,65829.0
2017-01-13,30950,31250,30900,31150,28409.0
2017-01-16,31350,31900,31000,31150,59043.0
2017-01-17,30900,31150,30750,31000,41934.0
2017-01-18,31000,31200,30600,30800,35247.0
2017-01-19,30700,31400,30700,30900,32807.0
2017-01-20,30900,30950,30500,30550,30393.0
2017-01-23,30700,30800,30100,30200,48226.0
2017-01-24,30400,30400,29100,29650,116268.0
2017-01-25,29750,30000,29050,29200,39513.0
2017-01-26,29200,29850,28900,29850,31360.0
2017-01-31,29600,30150,29550,30150,25169.0
2017-02-01,30000,30850,30000,30850,41166.0
2017-02-02,31000,31050,30450,30800,33055.0
2017-02-03,30500,30800,30100,30350,33174.0
2017-02-06,30300,30650,29700,30000,25284.0
2017-02-07,30150,30500,30050,30400,24167.0
2017-02-08,30250,30400,30000,30300,16269.0
2017-02-09,30200,30400,30000,30300,21953.0
2017-02-10,30500,30500,29950,30200,23264.0
2017-02-13,30250,30550,29950,30550,22898.0
2017-02-14,30500,30850,30150,30800,52551.0
2017-02-15,30550,30800,30350,30500,62312.0
2017-02-16,30500,30500,29900,29950,53123.0
2017-02-17,29950,30050,29800,30000,44096.0
2017-02-20,30050,30050,29400,29500,60707.0
2017-02-21,29550,29700,29150,29350,72569.0
2017-02-22,29450,29450,29100,29250,50733.0
2017-02-23,29350,29450,29000,29000,58828.0
2017-02-24,29100,29200,28600,28700,62182.0
2017-02-27,28750,29300,28650,29150,48601.0
2017-02-28,29350,29350,28800,28800,34177.0
2017-03-02,28800,29050,28300,28600,67271.0
2017-03-03,28600,28650,27950,28050,58317.0
2017-03-06,28050,28550,27900,28400,50810.0
2017-03-07,28450,29150,28400,29050,63086.0
2017-03-08,29100,29150,28450,28850,59378.0
2017-03-09,28800,29050,28650,28850,54841.0
2017-03-10,28850,29050,28250,29000,69236.0
2017-03-13,29000,29050,28700,29000,64948.0
2017-03-14,29050,29050,28650,28950,55407.0
2017-03-15,28900,28900,28450,28650,56878.0
2017-03-16,28850,29150,28650,29150,67479.0
2017-03-17,29050,29150,27300,28900,59030.0
2017-03-20,28900,28900,28250,28500,42120.0
2017-03-21,28550,28900,28200,28300,51564.0
2017-03-22,28300,28650,28100,28400,32189.0
2017-03-23,28400,28550,27600,27800,69376.0
2017-03-24,27800,27900,27550,27700,30446.0
2017-03-27,27700,28250,27500,27900,40739.0
2017-03-28,27900,28300,27550,27900,38403.0
2017-03-29,28000,28000,27650,27650,42959.0
2017-03-30,27700,28950,27650,28850,131376.0
2017-03-31,29000,29450,28800,29050,72901.0
2017-04-03,29150,29800,29100,29750,88320.0
2017-04-04,29700,29900,29350,29800,62966.0
2017-04-05,29850,29850,29300,29800,38075.0
2017-04-06,29650,29650,29150,29550,37513.0
2017-04-07,29600,29600,29050,29400,31610.0
2017-04-10,29400,29400,28600,28600,47774.0
2017-04-11,28550,29300,28550,29000,82875.0
2017-04-12,29050,29100,28700,28950,27982.0
2017-04-13,29050,29100,28850,28950,25019.0
2017-04-14,28900,29100,28500,28600,35025.0
2017-04-17,28750,29100,28550,29050,30483.0
2017-04-18,29000,29500,28750,29200,49687.0
2017-04-19,29200,29200,28900,29100,17800.0
2017-04-20,29100,29250,28950,29000,35864.0
2017-04-21,29200,30500,29100,30500,232926.0
2017-04-24,30600,30600,29550,29600,104069.0
2017-04-25,29850,30100,29400,29700,62148.0
2017-04-26,30000,30350,29700,30250,63071.0
2017-04-27,30300,30350,29600,29800,44471.0
2017-04-28,29500,30100,29500,29600,33036.0
2017-05-02,29700,30000,29350,29350,52347.0
2017-05-04,29350,30000,29350,29800,34615.0
2017-05-08,29900,30850,29800,30750,101944.0
2017-05-10,30800,30950,30200,30350,53209.0
2017-05-11,30200,30600,29950,30100,64200.0
2017-05-12,30100,30300,29700,30000,43810.0
2017-05-15,30000,30250,28850,29150,75070.0
2017-05-16,29000,29100,28250,28450,107418.0
2017-05-17,28550,28800,28400,28700,38052.0
2017-05-18,28000,28500,27950,28250,57039.0
2017-05-19,28300,28350,28100,28250,36305.0
2017-05-22,28150,28300,27650,28000,58768.0
2017-05-23,28000,28150,27800,28000,40644.0
2017-05-24,28000,28700,27950,28500,45260.0
2017-05-25,28400,28550,28000,28100,46002.0
2017-05-26,28150,28650,28100,28450,29185.0
2017-05-29,28650,28750,28350,28450,23815.0
2017-05-30,28500,28550,28150,28400,24723.0
2017-05-31,28500,29350,28200,29350,80528.0
2017-06-01,29300,29300,28850,28900,26128.0
2017-06-02,28900,29100,28500,28950,35977.0
2017-06-05,28900,29350,28650,29300,49953.0
2017-06-07,29350,29400,28800,29000,43378.0
2017-06-08,29000,30300,28850,29950,168241.0
2017-06-09,30200,30600,29700,30250,103910.0
2017-06-12,30250,30350,29500,29800,57195.0
2017-06-13,29450,30000,29300,30000,57845.0
2017-06-14,30200,30400,29350,29700,60788.0
2017-06-15,29700,29700,29150,29200,49231.0
2017-06-16,29300,29350,28450,28700,79316.0
2017-06-19,28900,29050,28500,29050,53361.0
2017-06-20,29150,29900,29100,29800,119049.0
2017-06-21,29800,29900,29150,29600,47612.0
2017-06-22,29450,29450,28700,28800,67602.0
2017-06-23,29000,29100,28750,28950,25938.0
2017-06-26,28950,29000,28400,28450,51283.0
2017-06-27,28450,28850,28300,28550,38278.0
2017-06-28,28550,28550,28000,28000,60907.0
2017-06-29,28200,28300,28000,28050,33554.0
2017-06-30,27950,28400,27950,28200,35685.0
2017-07-03,28150,28500,27950,28050,31564.0
2017-07-04,28000,28400,28000,28200,34453.0
2017-07-05,28400,28400,27900,28050,36360.0
2017-07-06,28050,28150,27300,27350,80979.0
2017-07-07,27500,27500,26300,26550,112025.0
2017-07-10,26600,26650,25600,25600,87619.0
2017-07-11,25650,25800,25200,25350,57240.0
2017-07-12,25550,25900,25450,25650,27082.0
2017-07-13,25750,25950,25050,25350,55779.0
2017-07-14,25450,25450,24550,24550,79575.0
2017-07-17,24400,24750,23350,23550,190432.0
2017-07-18,23450,23950,23400,23800,77736.0
2017-07-19,24000,24050,23500,23800,67385.0
2017-07-20,23900,24650,23800,24550,72469.0
2017-07-21,24800,24850,24150,24500,32371.0
2017-07-24,24750,24750,24000,24700,31198.0
2017-07-25,24650,24650,24200,24250,28175.0
2017-07-26,24400,24500,24200,24450,29655.0
2017-07-27,24700,24750,24400,24500,20360.0
2017-07-28,24550,24600,23600,23900,54186.0
2017-07-31,23700,23700,22850,23250,82695.0
2017-08-01,23250,24300,23250,24300,37213.0
2017-08-02,24400,24400,24050,24200,20862.0
2017-08-03,24350,25150,24300,24900,116748.0
2017-08-04,25000,25300,24550,24900,50903.0
2017-08-07,24750,25700,24700,25600,61053.0
2017-08-08,25600,25750,25150,25750,38687.0
2017-08-09,25550,25700,24850,24900,41237.0
2017-08-10,25000,25050,24450,24850,37481.0
2017-08-11,24400,24700,24150,24350,31937.0
2017-08-14,24500,24650,24100,24600,15751.0
2017-08-16,24600,25100,24350,25050,25363.0
2017-08-17,24800,25500,24750,25400,28112.0
2017-08-18,25050,25550,25000,25550,26511.0
2017-08-21,25500,25750,25100,25500,24728.0
2017-08-22,25500,25550,25150,25400,25898.0
2017-08-23,25250,25250,25100,25100,17097.0
2017-08-24,25100,25500,24900,25400,24362.0
2017-08-25,25450,25450,25000,25000,16213.0
2017-08-28,25300,25650,25100,25650,37967.0
2017-08-29,25550,25550,25100,25300,22685.0
2017-08-30,25300,25950,25150,25650,42015.0
2017-08-31,25900,25900,25300,25500,27261.0
2017-09-01,25500,26000,25350,26000,47151.0
2017-09-04,25250,25700,24700,24900,59168.0
2017-09-05,25000,25000,23900,24150,76047.0
2017-09-06,24100,24250,23800,24000,26963.0
2017-09-07,24050,24250,23850,24000,34850.0
2017-09-08,24050,24250,23000,23350,75351.0
2017-09-11,23500,23800,22850,22850,63393.0
2017-09-12,23250,23600,23200,23350,35132.0
2017-09-13,23500,24200,23400,23700,44609.0
2017-09-14,23600,24000,23350,23700,28885.0
2017-09-15,23600,23750,23250,23750,39369.0
2017-09-18,23550,24000,23350,23750,38850.0
2017-09-19,23600,23900,23500,23650,33831.0
2017-09-20,23800,24850,23550,24650,103728.0
2017-09-21,24650,24850,24150,24550,43313.0
2017-09-22,24350,24350,22900,23300,90646.0
2017-09-25,23400,23400,22300,22300,70079.0
2017-09-26,22150,23100,22150,22550,24470.0
2017-09-27,22600,23100,22600,23000,15957.0
2017-09-28,23050,23700,22900,23200,37346.0
2017-09-29,23350,24150,23300,23850,51140.0
2017-10-10,23850,24050,23250,23600,39195.0
2017-10-11,23800,26150,23800,25950,249528.0
2017-10-12,26000,26550,25550,25750,77305.0
2017-10-13,25800,29000,25800,27200,502993.0
2017-10-16,26850,27150,25950,26400,101315.0
2017-10-17,26700,26750,25550,25800,114100.0
2017-10-18,25950,26450,25200,26300,98486.0
2017-10-19,26550,26550,25700,25900,45032.0
2017-10-20,25900,26150,25700,25950,35259.0
2017-10-23,26300,26450,25250,25400,51705.0
2017-10-24,25200,26050,25200,26050,45141.0
2017-10-25,26150,27700,25900,27350,159741.0
2017-10-26,27550,27600,27000,27400,61380.0
2017-10-27,27400,28200,27150,27900,90845.0
2017-10-30,27900,28150,27550,28050,64169.0
2017-10-31,28300,28300,26900,27200,96597.0
2017-11-01,27250,28450,27050,28200,109407.0
2017-11-02,28400,28400,27600,27700,68386.0
2017-11-03,28050,28400,27500,28000,56943.0
2017-11-06,28000,28350,27350,27800,45628.0
2017-11-07,27850,28800,27800,28650,105775.0
2017-11-08,28750,29250,28300,29000,95036.0
2017-11-09,29050,29150,28500,28800,62978.0
2017-11-10,28650,29200,28350,28950,53476.0
2017-11-13,29100,29450,28400,29400,105226.0
2017-11-14,29650,31250,29650,30300,305291.0
2017-11-15,30700,30750,29350,29800,264688.0
2017-11-16,29900,30300,28800,29900,121726.0
2017-11-17,29950,29950,28650,28850,127452.0
2017-11-20,28700,32000,28700,31800,536768.0
2017-11-21,31700,31750,30400,30700,265878.0
2017-11-22,31000,31100,28850,28900,294898.0
2017-11-23,29050,29650,27950,29550,135009.0
2017-11-24,29350,29500,28750,28900,93994.0
2017-11-27,29000,29900,28600,29250,121511.0
2017-11-28,29500,30000,28200,28250,123277.0
2017-11-29,28300,29050,28300,28900,98697.0
2017-11-30,29000,29350,27550,27550,274611.0
2017-12-01,28100,35800,28000,35800,2531196.0
2017-12-04,36500,41850,34100,34100,4201341.0
2017-12-05,34300,36200,32850,33350,1133720.0
2017-12-06,33950,38550,33600,35000,2193169.0
2017-12-07,35900,41200,35000,40400,2906485.0
2017-12-08,39500,39600,33050,34350,1474592.0
2017-12-11,35050,36450,34150,35150,603211.0
2017-12-12,35700,37650,35400,36400,657543.0
2017-12-13,36350,37550,35100,35950,554703.0
2017-12-14,36250,36700,34100,34700,615248.0
2017-12-15,34700,34800,33350,34250,313491.0
2017-12-18,34500,34550,33150,33250,232505.0
2017-12-19,33350,34050,31650,33150,335285.0
2017-12-20,32600,33750,32600,32950,191709.0
2017-12-21,33250,34500,33000,33550,360761.0
2017-12-22,33550,35800,33550,35700,440877.0
2017-12-26,36000,36350,35050,35250,325336.0
2017-12-27,35850,37050,35150,36500,393771.0
2017-12-28,36800,37350,36150,36300,277332.0
2018-01-02,36600,40550,35750,39150,1139657.0
2018-01-03,38500,41450,37400,41000,1323129.0
2018-01-04,40400,40700,37500,39000,521758.0
2018-01-05,38750,40950,38150,40300,786155.0
2018-01-08,40100,40150,38350,38500,538660.0
2018-01-09,38500,38900,36650,36650,451343.0
2018-01-10,37200,37750,36350,37100,203418.0
2018-01-11,37100,38800,37100,37600,244913.0
2018-01-12,38100,39450,37000,37750,389836.0
2018-01-15,38200,42950,38200,41200,1906012.0
2018-01-16,40800,41700,39050,40100,569964.0
2018-01-17,39900,40750,38700,39200,416694.0
2018-01-18,39400,50000,38700,45650,4710471.0
2018-01-19,46100,48400,42750,43800,1497237.0
2018-01-22,44000,46200,42500,44300,748247.0
2018-01-23,43400,49950,43050,47050,2265615.0
2018-01-24,47150,53300,46350,52200,1970584.0
2018-01-25,51400,54500,50400,51400,1703413.0
2018-01-26,51400,53700,50800,52400,676496.0
2018-01-29,53400,54900,51100,51200,1417385.0
2018-01-30,51700,52400,48400,49300,786032.0
2018-01-31,48400,49000,46150,48100,660195.0
2018-02-01,48250,49850,47200,48500,509816.0
2018-02-02,49100,49100,45400,46750,465187.0
2018-02-05,45000,46150,42550,42550,401035.0
2018-02-06,39700,43450,39050,43000,886753.0
2018-02-07,44300,44500,39900,39900,491302.0
2018-02-08,40500,45000,40500,44800,880683.0
2018-02-09,43000,47650,42700,45800,858487.0
2018-02-12,46500,47200,44500,44800,396406.0
2018-02-13,46050,47350,44750,45050,422742.0
2018-02-14,45700,45800,43650,45450,278568.0
2018-02-19,45700,48150,45400,47900,388809.0
2018-02-20,47900,48100,46550,47100,254270.0
2018-02-21,47050,49150,46800,48500,369214.0
2018-02-22,48200,48200,46450,47400,277913.0
2018-02-23,48000,49100,47650,47850,425479.0
2018-02-26,48400,48400,47150,47400,264149.0
2018-02-27,48000,48050,45800,46000,252309.0
2018-02-28,45250,45800,43500,44150,255466.0
2018-03-02,43100,45750,43100,45150,182110.0
2018-03-05,45000,46050,44600,44850,125642.0
2018-03-06,45200,47300,45200,46900,270093.0
2018-03-07,46850,47800,45800,45900,188382.0
2018-03-08,46500,47400,46300,46900,192110.0
2018-03-09,47100,47400,46550,47000,185725.0
2018-03-12,47550,49800,47250,49700,533304.0
2018-03-13,49600,50600,48450,50500,317016.0
2018-03-14,50000,50700,49200,50500,245634.0
2018-03-15,50400,50900,49150,49750,287883.0
2018-03-16,49850,51800,48850,49300,548058.0
2018-03-19,48550,48800,46900,46950,321096.0
2018-03-20,46450,48700,46450,48700,186669.0
2018-03-21,48650,49550,48100,48400,281905.0
2018-03-22,49350,49700,46450,46600,383090.0
2018-03-23,44100,45250,40000,40850,816201.0
2018-03-26,41600,43950,40650,43950,375239.0
2018-03-27,44700,44750,43400,43900,184639.0
2018-03-28,43000,46000,42600,45950,395512.0
2018-03-29,47900,48600,46350,47800,432278.0
2018-03-30,48200,48750,47250,47750,237591.0
2018-04-02,47750,47750,45600,46400,236840.0
2018-04-03,46000,48100,45500,48100,235655.0
2018-04-04,48600,49600,47050,48800,414594.0
2018-04-05,49600,49600,47400,47950,226218.0
2018-04-06,47850,48550,46950,47900,180130.0
2018-04-09,47750,49900,46950,49900,409258.0
2018-04-10,49900,53400,48700,52000,1364312.0
2018-04-11,52200,52900,50100,50100,537309.0
2018-04-12,50700,50900,46600,47050,574937.0
2018-04-13,47200,47600,45850,47000,244441.0
2018-04-16,47300,48050,46600,47000,278137.0
2018-04-17,47000,47250,45200,45650,310488.0
2018-04-18,46050,46600,44600,44900,218444.0
2018-04-19,44850,44850,42750,43350,310599.0
2018-04-20,43650,44250,42800,44100,181969.0
2018-04-23,43950,44000,42200,42500,164567.0
2018-04-24,42300,43500,41800,42400,128453.0
2018-04-25,42200,42950,40850,41650,186243.0
2018-04-26,42400,47500,42250,45000,699353.0
2018-04-27,45050,45350,44000,45150,163028.0
2018-04-30,45000,45050,42450,44000,187148.0
2018-05-02,42550,44400,41950,42750,166274.0
2018-05-03,42900,43400,41850,41950,144158.0
2018-05-04,42050,42150,40000,40150,237408.0
2018-05-08,40000,40950,37050,37050,300684.0
2018-05-09,37500,39450,36850,39400,211294.0
2018-05-10,39400,39400,38100,39000,104599.0
2018-05-11,39000,40350,38650,39200,134658.0
2018-05-14,39200,39250,37450,38200,189481.0
2018-05-15,38550,39700,37800,39450,152696.0
2018-05-16,39700,39800,38600,39400,115465.0
2018-05-17,39600,39600,38450,39000,89783.0
2018-05-18,39050,39850,39050,39450,99529.0
2018-05-21,39400,39650,39000,39250,73308.0
2018-05-23,39250,39700,38600,39300,108931.0
2018-05-24,39600,41750,39350,41100,292070.0
2018-05-25,40550,41450,40400,41250,111302.0
2018-05-28,40650,40650,39500,40200,145036.0
2018-05-29,40200,42500,39750,41300,273099.0
2018-05-30,41500,41750,40100,40800,131099.0
2018-05-31,41000,41100,39850,40350,109774.0
2018-06-01,40400,41300,40150,40650,85283.0
2018-06-04,40950,40950,38850,39350,114657.0
2018-06-05,39650,39750,39200,39600,47030.0
2018-06-07,39600,40250,39000,40250,95254.0
2018-06-08,39950,40300,39200,39600,55865.0
2018-06-11,39600,39600,38500,38850,72629.0
2018-06-12,38800,39450,38500,38900,106085.0
2018-06-14,42050,42900,39300,40000,574216.0
2018-06-15,39400,41350,38350,39250,360107.0
2018-06-18,39500,39650,37000,37650,176425.0
2018-06-19,38100,38350,35250,35250,184547.0
2018-06-20,35300,36650,35300,36600,134894.0
2018-06-21,36600,36750,35650,35650,72065.0
2018-06-22,35450,36400,35000,36300,82904.0
2018-06-25,36550,37100,36400,37100,55864.0
2018-06-26,36550,37500,36300,37500,75225.0
2018-06-27,37050,37950,36600,37050,70419.0
2018-06-28,36650,37000,35500,36000,66978.0
2018-06-29,36050,36250,34500,35150,100965.0
2018-07-02,35000,35400,32850,32900,136669.0
2018-07-03,33150,34950,33150,33450,166077.0
2018-07-04,33450,34900,33400,34850,108560.0
2018-07-05,34800,35450,33950,35300,75001.0
2018-07-06,35250,35750,34350,35700,70958.0
2018-07-09,35450,36300,35150,35350,56652.0
2018-07-10,35750,36250,35300,35900,75940.0
2018-07-11,35650,35900,34350,34350,71617.0
2018-07-12,34400,35800,34250,35800,74287.0
2018-07-13,35800,36250,35600,36050,56152.0
2018-07-16,36250,36350,35300,35700,38085.0
2018-07-17,35600,36300,35500,36000,53183.0
2018-07-18,36250,36400,35100,35350,35726.0
2018-07-19,35100,35950,34500,35950,50842.0
2018-07-20,35500,36250,34700,35000,55218.0
2018-07-23,35100,35150,32900,33050,100592.0
2018-07-24,33100,33750,32500,33250,58132.0
2018-07-25,33250,33800,29600,30250,336687.0
2018-07-26,30200,31800,30050,31750,129011.0
2018-07-27,31900,33100,31650,32500,91400.0
2018-07-30,32300,32750,31550,32200,50732.0
2018-07-31,32200,32950,31900,32500,57124.0
2018-08-01,32900,34300,32550,34000,118093.0
2018-08-02,34000,34150,32750,33000,72893.0
2018-08-03,33200,33750,32950,33300,35241.0
2018-08-06,33350,33650,32950,33150,34421.0
2018-08-07,33150,34250,32600,33500,82558.0
2018-08-08,33700,34300,33450,33800,57577.0
2018-08-09,33600,33950,33250,33900,35969.0
2018-08-10,33550,34300,32900,33450,76758.0
2018-08-13,33100,33350,31200,31450,73845.0
2018-08-14,31300,32300,31300,31750,69605.0
2018-08-16,31700,31900,30500,31600,68038.0
2018-08-17,31900,33300,31700,33100,91025.0
2018-08-20,33200,40100,33200,36650,1912768.0
2018-08-21,36600,37850,36150,37300,352383.0
2018-08-22,37400,37850,36650,36750,153545.0
2018-08-23,37450,39250,37050,37700,361613.0
2018-08-24,37900,38600,37350,38050,159237.0
2018-08-27,38550,38650,37650,38150,145583.0
2018-08-28,38550,39900,37800,38100,282816.0
2018-08-29,38350,38550,37900,38350,104806.0
2018-08-30,38000,38250,37450,37800,110934.0
2018-08-31,37700,39050,37650,38750,197952.0
2018-09-03,38500,39250,38250,38800,102246.0
2018-09-04,39150,39150,38500,39000,90022.0
2018-09-05,38800,39100,38250,38300,93907.0
2018-09-06,38150,38600,37400,37850,108662.0
2018-09-07,37350,38450,37350,37800,105365.0
2018-09-10,37550,38150,37350,37650,50680.0
2018-09-11,37900,38550,37700,38300,110203.0
2018-09-12,38550,39350,38000,39150,206589.0
2018-09-13,39000,39950,38300,39000,182469.0
2018-09-14,39450,41000,38750,40700,403780.0
2018-09-17,40950,41000,39400,39900,187506.0
2018-09-18,39350,40550,39150,40550,130861.0
2018-09-19,40750,40750,39300,39350,106385.0
2018-09-20,39500,41000,39500,40050,284152.0
2018-09-21,40250,40400,39500,40150,95746.0
2018-09-27,40300,41350,39950,40550,117563.0
2018-09-28,40650,40700,39150,39450,100282.0
2018-10-01,39450,39550,37500,37850,126487.0
2018-10-02,37850,38000,36450,36900,119442.0
2018-10-04,36950,37500,35800,36950,93270.0
2018-10-05,36500,37300,35650,36400,111649.0
2018-10-08,36250,37150,35450,35450,71716.0
2018-10-10,35500,35700,34350,34700,90160.0
2018-10-11,33250,34500,32500,33900,150732.0
2018-10-12,33900,34900,33150,34900,91746.0
2018-10-15,34600,34650,32350,32800,116290.0
2018-10-16,32800,39150,32800,35000,832393.0
2018-10-17,35600,35850,34200,35050,176227.0
2018-10-18,35000,35400,34400,34550,75709.0
2018-10-19,34000,35350,33900,35350,77387.0
2018-10-22,35400,35550,34500,35500,54117.0
2018-10-23,35000,35250,33500,34000,76671.0
2018-10-24,34200,34850,32750,33000,87225.0
2018-10-25,31700,33450,31700,32600,105803.0
2018-10-26,32950,33100,30250,30700,137197.0
2018-10-29,30750,31900,29000,29000,164280.0
2018-10-30,28050,29900,28050,29900,173318.0
2018-10-31,30200,30300,29200,29800,84865.0
2018-11-01,30000,31050,29600,29800,150239.0
2018-11-02,30300,31500,30300,31500,144296.0
2018-11-05,31100,31700,30750,31500,91075.0
2018-11-06,31700,31800,30950,31450,68999.0
2018-11-07,31600,32200,30800,31400,93996.0
2018-11-08,31900,32000,31500,31600,67322.0
2018-11-09,31400,31550,30200,30800,92153.0
2018-11-12,30200,30500,29650,29850,76769.0
2018-11-13,29250,30200,28950,30100,64288.0
2018-11-14,30000,30850,29500,30000,71633.0
2018-11-15,29750,30150,29450,29950,50858.0
2018-11-16,30250,31000,30000,30800,65620.0
2018-11-19,30800,31500,30400,31500,76088.0
2018-11-20,30800,31250,30600,30800,59178.0
2018-11-21,30300,30600,30000,30600,45435.0
2018-11-22,30600,31150,30350,30800,47665.0
2018-11-23,30800,31050,29450,29500,94807.0
2018-11-26,29600,30550,29450,30200,58784.0
2018-11-27,30450,31650,29900,31600,132566.0
2018-11-28,31700,32150,31150,31450,89680.0
2018-11-29,31750,32400,30750,31050,67482.0
2018-11-30,31400,31400,30550,30700,41734.0
2018-12-03,31050,31650,30800,31650,50568.0
2018-12-04,31650,31900,31250,31600,52603.0
2018-12-05,31000,31200,30400,30950,53069.0
2018-12-06,30600,30850,29400,29400,90378.0
2018-12-07,29650,30050,29200,29500,42080.0
2018-12-10,29000,29250,28500,28800,54132.0
2018-12-11,28850,29500,28650,28800,70124.0
2018-12-12,28800,30800,28800,30800,134536.0
2018-12-13,30300,30700,29950,30700,101901.0
2018-12-14,30550,30700,29250,29300,82505.0
2018-12-17,29100,29450,28400,28750,52850.0
2018-12-18,28200,28450,27700,27850,109952.0
2018-12-19,27900,28950,27600,28750,75324.0
2018-12-20,28300,29100,27850,28250,67488.0
2018-12-21,28200,28700,28150,28400,37606.0
2018-12-24,28100,28500,27800,28400,52405.0
2018-12-26,27700,28150,27300,27950,71396.0
2018-12-27,28550,28650,28000,28400,53354.0
2018-12-28,28350,29600,28350,29300,75783.0
2019-01-02,29300,29500,28400,28450,54304.0
2019-01-03,28550,28800,27800,28250,71723.0
2019-01-04,28250,28400,27500,28400,49702.0
2019-01-07,28950,29250,28200,28700,53623.0
2019-01-08,28750,28900,28300,28650,50539.0
2019-01-09,29000,29200,28650,28950,52686.0
2019-01-10,29000,29250,28500,29100,53124.0
2019-01-11,29450,29850,29200,29400,64335.0
2019-01-14,29500,29550,29000,29200,51346.0
2019-01-15,29200,29450,28700,29300,44413.0
2019-01-16,29300,29550,29050,29400,38572.0
2019-01-17,29500,30850,29350,30000,182422.0
2019-01-18,30450,30700,29750,30200,86572.0
2019-01-21,30200,30300,29550,30150,60681.0
2019-01-22,30050,30350,29700,29950,62345.0
2019-01-23,29950,30050,29550,30000,29358.0
2019-01-24,29850,30750,29800,30550,82259.0
2019-01-25,30550,30650,30300,30500,43033.0
2019-01-28,30500,31500,30500,30850,100769.0
2019-01-29,30750,30800,30050,30600,69696.0
2019-01-30,30450,30650,30150,30550,43050.0
2019-01-31,30550,31100,30450,30850,70031.0
2019-02-01,30850,30900,30150,30550,53769.0
2019-02-07,30750,31350,30450,31300,91535.0
2019-02-08,31300,31850,31050,31700,89015.0
2019-02-11,32650,35000,32600,34200,584953.0
2019-02-12,35000,35700,33700,34450,444275.0
2019-02-13,34500,34700,33800,34100,150067.0
2019-02-14,34200,35200,33850,35100,152170.0
2019-02-15,35000,35050,34100,34650,105845.0
2019-02-18,34650,34900,34250,34900,67608.0
2019-02-19,34900,35700,34150,35200,114160.0
2019-02-20,35650,35650,34900,35000,85928.0
2019-02-21,34750,35000,34050,34600,73180.0
2019-02-22,34350,34550,33700,34100,78037.0
2019-02-25,34200,34400,33750,34100,58993.0
2019-02-26,34100,34750,33800,33950,68949.0
2019-02-27,33950,35000,33950,35000,89529.0
2019-02-28,35350,38300,35000,36100,577970.0
2019-03-04,37950,39000,37750,38250,348011.0
2019-03-05,37800,38750,37100,37800,194493.0
2019-03-06,37700,38100,37000,37400,114172.0
2019-03-07,37150,38250,36400,37350,120094.0
2019-03-08,37000,37650,36500,37200,76589.0
2019-03-11,37200,37650,36400,37000,74225.0
2019-03-12,37350,38000,36700,37400,104943.0
2019-03-13,37700,38600,37500,37800,187449.0
2019-03-14,38050,38150,37100,37350,107911.0
2019-03-15,37100,37450,35850,36300,128547.0
2019-03-18,36250,37350,36250,36900,67158.0
2019-03-19,37150,37350,36150,36300,61472.0
2019-03-20,36250,36550,35150,36550,98377.0
2019-03-21,36600,36750,34950,35050,124652.0
2019-03-22,35150,35650,34650,35200,55225.0
2019-03-25,34500,35050,33800,34150,71548.0
2019-03-26,34250,35100,34250,34850,59104.0
2019-03-27,35450,35650,34700,34950,83091.0
2019-03-28,34950,35000,34100,34500,41143.0
2019-03-29,34400,34600,32900,34000,104417.0
2019-04-01,33600,34400,33300,34100,51356.0
2019-04-02,34450,34500,33600,34200,53190.0
2019-04-03,34200,35450,34050,34700,72571.0
2019-04-04,34900,35000,34150,34500,47700.0
2019-04-05,34550,34700,33850,34350,49450.0
2019-04-08,34450,34450,33750,34050,31622.0
2019-04-09,34050,34350,33750,34100,36716.0
2019-04-10,34100,34250,33700,34250,32987.0
2019-04-11,34500,36350,34350,36100,204196.0
2019-04-12,36150,36200,34750,35200,139090.0
2019-04-15,35050,35150,34300,34400,89476.0
2019-04-16,34300,34550,33150,33350,115373.0
2019-04-17,33500,33600,32900,33450,89683.0
2019-04-18,33450,33450,32500,32500,64905.0
2019-04-19,32750,33000,32100,32700,33481.0
2019-04-22,32550,33100,32500,32700,35245.0
2019-04-23,32750,33000,32500,32700,24588.0
2019-04-24,33150,33400,32650,32850,43964.0
2019-04-25,32800,33000,32500,32500,33980.0
2019-04-26,32450,32700,31550,32250,38737.0
2019-04-29,32350,32800,31900,32800,29565.0
2019-04-30,32700,33000,32050,32700,39317.0
2019-05-02,32500,32750,32150,32750,24015.0
2019-05-03,32600,32800,32300,32750,29234.0
2019-05-07,32350,32600,31450,31550,56961.0
2019-05-08,31050,31700,30850,30850,53678.0
2019-05-09,30800,31150,29800,29950,67052.0
2019-05-10,30050,30400,29150,30100,58101.0
2019-05-13,30100,30350,29100,29100,42150.0
2019-05-14,28800,29300,28500,28700,67895.0
2019-05-15,28850,29950,28650,29950,43350.0
2019-05-16,30500,30600,29800,29950,55750.0
2019-05-17,30050,30500,29550,29950,26516.0
2019-05-20,29950,31000,29600,30000,86079.0
2019-05-21,30000,31600,30000,31400,95613.0
2019-05-22,32450,32650,30800,30900,195998.0
2019-05-23,31200,31200,30150,30750,63555.0
2019-05-24,30500,30750,29950,30500,40552.0
2019-05-27,30300,30600,29950,30500,32090.0
2019-05-28,30700,31100,30350,31050,54148.0
2019-05-29,30950,30950,30050,30400,32609.0
2019-05-30,30150,30950,30000,30600,32569.0
2019-05-31,30450,31000,30100,30550,40760.0
2019-06-03,30450,30850,30400,30750,20899.0
2019-06-04,30700,31100,30550,30900,32997.0
2019-06-05,31050,31300,30650,30900,29607.0
2019-06-07,30950,31950,30800,31650,55486.0
2019-06-10,31900,32100,31500,32100,38426.0
2019-06-11,31750,32350,31750,32250,39035.0
2019-06-12,32400,32400,31850,32050,33245.0
2019-06-13,32200,32250,31650,31700,72233.0
2019-06-14,32000,32000,31350,31500,20613.0
2019-06-17,31950,32000,31300,31550,49632.0
2019-06-18,31550,31950,30800,31300,38706.0
2019-06-19,31400,32250,31300,31600,53191.0
2019-06-20,31900,31950,31550,31800,26676.0
2019-06-21,31950,31950,30900,31100,40664.0
2019-06-24,31100,31300,30350,30900,27210.0
2019-06-25,31200,31200,30300,31100,39084.0
2019-06-26,31050,31300,30500,31150,26896.0
2019-06-27,31150,31350,30300,30750,45606.0
2019-06-28,30650,30950,30050,30200,55914.0
2019-07-01,30300,30950,30250,30850,31201.0
2019-07-02,30550,30950,30450,30500,22332.0
2019-07-03,30800,30850,30050,30500,36742.0
2019-07-04,30200,30600,29700,30000,43275.0
2019-07-05,30000,30700,29850,30700,34152.0
2019-07-08,30400,30550,29300,29450,54419.0
2019-07-09,29600,29950,29100,29100,60659.0
2019-07-10,29700,30150,29000,29750,59283.0
2019-07-11,29900,30150,29500,29800,34903.0
2019-07-12,30000,30100,29500,29900,33206.0
2019-07-15,29900,29900,29250,29600,32854.0
2019-07-16,29400,29900,29400,29750,25415.0
2019-07-17,29650,29700,28900,29350,49367.0
2019-07-18,29050,29200,28400,28900,57269.0
2019-07-19,28900,29150,28600,29100,27340.0
2019-07-22,28950,29150,28700,28800,25510.0
2019-07-23,28800,29000,28300,28600,41610.0
2019-07-24,28350,28700,27850,28350,45461.0
2019-07-25,28150,28450,27150,27150,77923.0
2019-07-26,26950,27400,26600,26600,50070.0
2019-07-29,26350,26600,24650,24800,123687.0
2019-07-30,25100,25900,25050,25650,54768.0
2019-07-31,25350,25800,24450,25500,88097.0
2019-08-01,25450,26300,25350,25550,50136.0
2019-08-02,24950,25500,24600,24600,138762.0
2019-08-05,24550,24900,21900,22150,144774.0
2019-08-06,21250,22700,20900,21000,192400.0
2019-08-07,21400,22100,21350,22100,91699.0
2019-08-08,22100,22800,22050,22800,67460.0
2019-08-09,22850,23150,22500,22850,49346.0
2019-08-12,22600,23000,22250,22900,50617.0
2019-08-13,22550,22700,22250,22450,65310.0
2019-08-14,22700,22950,22350,22650,40352.0
2019-08-16,22200,22450,21950,22400,29241.0
2019-08-19,22500,22650,22300,22600,27798.0
2019-08-20,22550,23100,22400,22850,36067.0
2019-08-21,22800,23850,22650,23850,69256.0
2019-08-22,23850,24050,23350,23800,45533.0
2019-08-23,23500,23900,23450,23550,30851.0
2019-08-26,22700,22850,21600,21900,99728.0
2019-08-27,22300,22400,21700,22100,48465.0
2019-08-28,21900,22900,21850,22850,73222.0
2019-08-29,22700,23400,22300,22800,63496.0
2019-08-30,23300,23800,23100,23600,58776.0
2019-09-02,23300,23750,23050,23700,47227.0
2019-09-03,23700,23900,23450,23650,40933.0
2019-09-04,23400,23900,23400,23750,41190.0
2019-09-05,24200,24200,23750,23900,33860.0
2019-09-06,24000,24150,23550,24000,30968.0
2019-09-09,24100,24100,23600,23800,35785.0
2019-09-10,23600,23950,23250,23600,30848.0
2019-09-11,23450,23900,23450,23550,31404.0
2019-09-16,23600,24350,23400,24250,39055.0
2019-09-17,24050,25000,24050,24700,59258.0
2019-09-18,24800,25050,24500,24500,65058.0
2019-09-19,24850,25050,24400,24550,37988.0
2019-09-20,24850,24850,24350,24600,18396.0
2019-09-23,24500,24550,23950,24250,36091.0
2019-09-24,24050,24900,24000,24600,48692.0
2019-09-25,24650,24650,23200,23500,46022.0
2019-09-26,23650,24100,22950,23650,45181.0
2019-09-27,23600,23650,22850,23550,25971.0
2019-09-30,23550,23700,23050,23200,23485.0
2019-10-01,23200,24300,23200,24300,45270.0
2019-10-02,24100,24550,23800,24150,49003.0
2019-10-04,24150,24200,23600,23750,25496.0
2019-10-07,23850,24700,23850,24500,53591.0
2019-10-08,24200,24450,23650,24000,64101.0
2019-10-10,23750,24000,23500,23500,36584.0
2019-10-11,23550,23850,23100,23200,35350.0
2019-10-14,23600,24200,23350,23750,55829.0
2019-10-15,23600,25500,23600,25200,181661.0
2019-10-16,25350,25650,25050,25200,75256.0
2019-10-17,25400,25400,24250,24600,57208.0
2019-10-18,24600,24700,24050,24350,44126.0
2019-10-21,24300,24300,23750,24000,46181.0
2019-10-22,24050,24250,23750,24000,75893.0
2019-10-23,23950,24900,23950,24800,85866.0
2019-10-24,24850,24900,23600,24150,100097.0
2019-10-25,24250,24250,23650,23800,43659.0
2019-10-28,23800,25000,23750,24300,87147.0
2019-10-29,24800,24800,24150,24400,54841.0
2019-10-30,24400,24550,23850,23850,36476.0
2019-10-31,24000,25000,24000,24450,88118.0
2019-11-01,24500,24850,24350,24800,51079.0
2019-11-04,24900,25400,24700,24900,65777.0
2019-11-05,24900,25700,24700,25450,131789.0
2019-11-06,25500,26250,25250,25400,149728.0
2019-11-07,25300,25600,24700,25050,61745.0
2019-11-08,25150,25500,24900,25250,50789.0
2019-11-11,25300,25500,24850,25250,56600.0
2019-11-12,25400,25500,24900,25250,43828.0
2019-11-13,25050,25300,24900,25150,25253.0
2019-11-14,25300,25400,24900,25200,33144.0
2019-11-15,25300,25450,24900,24900,55057.0
2019-11-18,25100,25300,24750,24950,56839.0
2019-11-19,25050,25050,23800,23850,107033.0
2019-11-20,23750,24300,23000,23000,69210.0
2019-11-21,22850,23150,22100,22450,81296.0
2019-11-22,22500,22800,22250,22500,31653.0
2019-11-25,22700,23800,22700,23500,68862.0
2019-11-26,23550,23950,23250,23300,29385.0
2019-11-27,23100,23500,23050,23150,31924.0
2019-11-28,23150,23200,22100,22350,151329.0
2019-11-29,22750,23400,22400,23100,72272.0
2019-12-02,23100,23500,22650,23000,33045.0
2019-12-03,23000,23000,22500,22700,37673.0
2019-12-04,22550,23000,22000,22350,64491.0
2019-12-05,23000,24150,22600,22800,191708.0
2019-12-06,22800,23200,22700,22950,43016.0
2019-12-09,23000,23700,22950,23700,66016.0
2019-12-10,23550,23900,23350,23900,38000.0
2019-12-11,23700,23900,23400,23600,40191.0
2019-12-12,23850,24100,22600,23250,506454.0
2019-12-13,23550,23550,23050,23350,87994.0
2019-12-16,23250,23650,23250,23250,40092.0
2019-12-17,23450,23850,23250,23500,65386.0
2019-12-18,23700,25100,23300,23800,323545.0
2019-12-19,24100,24300,23650,23850,73783.0
2019-12-20,24000,24000,23300,23500,77154.0
2019-12-23,23500,23600,22950,23150,60170.0
2019-12-24,23250,24100,23100,23200,110375.0
2019-12-26,23300,23750,23000,23450,117820.0
2019-12-27,23600,24750,23600,24450,174179.0
2019-12-30,24450,24850,24450,24800,65192.0
2020-01-02,25500,26200,25000,25100,219392.0
2020-01-03,25100,25400,24700,25050,82588.0
2020-01-06,24500,25300,24500,25100,90393.0
2020-01-07,25300,25400,24900,25050,82445.0
2020-01-08,24750,25350,24200,24600,92958.0
2020-01-09,25100,25450,24700,25000,103621.0
2020-01-10,25600,26650,25400,25800,216625.0
2020-01-13,25850,25900,25300,25650,75541.0
2020-01-14,25650,25750,24700,25050,113761.0
2020-01-15,25100,25300,24650,24700,60193.0
2020-01-16,24750,25100,24700,25000,49301.0
2020-01-17,25050,25050,24600,25000,53624.0
2020-01-20,25100,25200,24700,24950,51601.0
2020-01-21,24800,25000,24450,24450,51049.0
2020-01-22,24300,24700,24250,24550,39431.0
2020-01-23,24400,24500,23950,24150,69184.0
2020-01-28,23600,25500,23450,24150,265875.0
2020-01-29,24700,25150,24150,24700,116982.0
2020-01-30,24750,25200,23500,24000,104414.0
2020-01-31,24050,24200,22650,22800,105858.0
2020-02-03,22000,22800,21900,22600,75336.0
2020-02-04,22800,23300,22750,23200,38321.0
2020-02-05,23500,23900,23150,23400,49593.0
2020-02-06,23400,23800,23400,23700,37187.0
2020-02-07,23800,24050,23450,23750,31878.0
2020-02-10,23800,23900,23450,23800,22201.0
2020-02-11,24000,24050,23600,23700,27395.0
2020-02-12,23600,23850,23300,23500,44249.0
2020-02-13,23500,23750,23300,23450,30164.0
2020-02-14,23300,23550,23000,23300,42252.0
2020-02-17,23350,23700,22700,23300,60114.0
2020-02-18,23400,24150,23150,23450,118865.0
2020-02-19,23450,24850,23200,24200,295300.0
2020-02-20,24450,24500,23800,24200,104847.0
2020-02-21,25100,25700,24000,24200,167428.0
2020-02-24,23900,24000,22350,22600,136162.0
2020-02-25,22300,22800,22000,22750,90554.0
2020-02-26,22650,22750,22050,22500,48449.0
2020-02-27,22750,25850,22550,23800,794730.0
2020-02-28,23500,25350,21900,24700,1123052.0
2020-03-02,26450,27100,24500,24700,1051083.0
2020-03-03,24650,32000,24350,30300,4778408.0
2020-03-04,29700,32900,28800,30150,3861092.0
2020-03-05,30200,31950,28250,28400,2300225.0
2020-03-06,28400,30500,28250,30500,1572160.0
2020-03-09,31900,39400,30550,36500,10126091.0
2020-03-10,33900,35350,29600,30900,2843345.0
2020-03-11,35000,40150,33400,40150,12120562.0
2020-03-12,38750,41700,36200,37900,5095881.0
2020-03-13,35000,42400,30100,34800,5898604.0
2020-03-16,35450,39200,34550,34700,3360633.0
2020-03-17,32000,40900,32000,36500,6306740.0
2020-03-18,37500,39700,32900,33450,3471168.0
2020-03-19,36750,42700,33200,38000,10544156.0
2020-03-20,36000,38600,35100,36750,2728475.0
2020-03-23,36850,37700,31200,31650,2627791.0
2020-03-24,31200,32550,29350,30250,2509771.0
2020-03-25,30850,33100,29500,31750,2254999.0
2020-03-26,39000,41250,36350,41250,5763151.0
2020-03-27,37900,49200,34850,38900,11321784.0
2020-03-30,40050,40800,37500,40400,2019962.0
2020-03-31,42500,48800,39300,41150,4131572.0
2020-04-01,41700,41800,36100,38700,1903235.0
2020-04-02,39000,39500,36800,38150,671218.0
2020-04-03,38450,39000,36850,38300,751936.0
2020-04-06,38550,39600,37750,39100,727697.0
2020-04-07,39300,39300,36650,37100,702226.0
2020-04-08,37600,38750,36700,37750,824703.0
2020-04-09,40600,41300,38050,38450,1148386.0
2020-04-10,39500,40300,37250,37750,1177814.0
2020-04-13,39900,43100,37450,38500,2852130.0
2020-04-14,38200,38450,36500,36900,844155.0
2020-04-16,36900,37400,34100,34500,766277.0
2020-04-17,39350,39400,35900,36250,1177871.0
2020-04-20,36250,39750,35800,37200,1473284.0
2020-04-21,37200,37200,33600,34900,792561.0
2020-04-22,34100,35350,34050,35100,263579.0
2020-04-23,35100,35700,34850,35300,249424.0
2020-04-24,35000,35850,34250,34400,262495.0
2020-04-27,34750,35500,34550,35000,186117.0
2020-04-28,34700,35100,33950,34150,199087.0
2020-04-29,34300,34900,33100,34650,249806.0
2020-05-04,34700,35650,34350,34750,192486.0
2020-05-06,35050,35300,34300,34900,155034.0
2020-05-07,34650,36000,33900,35350,556552.0
2020-05-08,36350,36900,34850,35000,571921.0
2020-05-11,35100,35500,34500,34700,197864.0
2020-05-12,34800,35500,34200,35250,224371.0
2020-05-13,35450,35450,34800,34900,134044.0
2020-05-14,34700,36750,34450,36550,563445.0
2020-05-15,36550,36550,34950,35100,297666.0
2020-05-18,34800,34950,33050,33550,381896.0
2020-05-19,33850,38400,33250,34900,1425728.0
2020-05-20,35200,35450,34600,34950,207212.0
2020-05-21,34950,35200,34250,34550,155464.0
2020-05-22,34500,35950,34350,35400,314626.0
2020-05-25,36000,36000,33650,34200,378073.0
2020-05-26,34300,34300,33400,33800,223425.0
2020-05-27,33800,33800,33200,33300,186154.0
2020-05-28,33300,33600,31350,32150,291811.0
2020-05-29,32050,32900,31850,32050,143783.0
2020-06-01,32150,32750,31900,32600,110292.0
2020-06-02,32600,33750,32100,33550,201057.0
2020-06-03,33400,33500,32000,32250,224006.0
2020-06-04,32200,33550,31800,32050,202029.0
2020-06-05,32050,32450,31600,32200,127437.0
2020-06-08,33000,34050,32700,33650,418190.0
2020-06-09,34200,34550,33500,34200,370746.0
2020-06-10,34350,35100,34000,34200,322849.0
2020-06-11,34300,34850,33550,33850,190436.0
2020-06-12,32800,34400,32700,33650,218920.0
2020-06-15,34000,34850,31500,31800,412856.0
2020-06-16,32350,34350,32350,34350,323943.0
2020-06-17,34950,35400,33500,34450,451801.0
2020-06-18,34550,34800,33750,34000,172080.0
2020-06-19,34200,36950,33300,34500,1199732.0
2020-06-22,34000,34650,33400,33450,247791.0
2020-06-23,33600,33700,32200,32450,280043.0
2020-06-24,32150,33550,32150,32750,165912.0
2020-06-25,32750,33500,32350,33200,141856.0
2020-06-26,33300,33450,32200,32400,165944.0
2020-06-29,32200,32750,31950,32100,104646.0
2020-06-30,32200,32400,30900,31300,192312.0
2020-07-01,31400,34500,31000,31400,364806.0
2020-07-02,31500,32200,31500,31700,73981.0
2020-07-03,31700,33000,31450,32750,178737.0
2020-07-06,32850,33150,32350,32600,90900.0
2020-07-07,32350,33150,32350,32900,90537.0
2020-07-08,33000,33150,32450,32600,88095.0
2020-07-09,32600,33150,32050,32300,144147.0
2020-07-10,32200,33500,32150,33050,254213.0
2020-07-13,32900,34050,32000,32550,697128.0
2020-07-14,32600,33350,32100,32450,302603.0
2020-07-15,33400,33550,32100,32350,520129.0
2020-07-16,32250,32250,31400,31450,233382.0
2020-07-17,31150,32000,31150,31900,113554.0
2020-07-20,31550,31850,31250,31400,149190.0
2020-07-21,31400,32150,31350,31450,144613.0
2020-07-22,31650,31800,31000,31750,134676.0
2020-07-23,31800,32550,31200,32350,194387.0
2020-07-24,32300,34250,32150,32900,583765.0
2020-07-27,33000,33250,32050,32350,173471.0
2020-07-28,32900,33000,32150,32350,130777.0
2020-07-29,32350,32450,31750,31750,109347.0
2020-07-30,32000,32050,31250,31350,144458.0
2020-07-31,32100,32350,31450,32100,105596.0
2020-08-03,32400,38300,32150,36500,2373123.0
2020-08-04,37300,37400,34600,36700,592021.0
2020-08-05,36950,37450,36000,37200,379486.0
2020-08-06,37250,38000,36850,37150,328314.0
2020-08-07,37700,38850,37150,37450,333868.0
2020-08-10,38000,38500,37300,38450,305188.0
2020-08-11,37800,38200,36250,36700,301078.0
2020-08-12,36300,36700,34900,35000,236861.0
2020-08-13,35050,35800,34400,34400,177064.0
2020-08-14,34500,34700,33100,33750,141008.0
2020-08-18,33300,34400,32500,32900,220861.0
2020-08-19,33150,34850,33000,34850,253388.0
2020-08-20,35350,35700,33100,34200,290187.0
2020-08-21,34300,36400,33400,33400,425627.0
2020-08-24,33300,34200,32500,33400,111509.0
2020-08-25,33450,34550,33200,34500,174399.0
2020-08-26,34500,34500,33500,33950,136184.0
2020-08-27,34450,34650,33800,34250,189377.0
2020-08-28,34400,34950,33900,34400,144781.0
2020-08-31,34750,35000,34200,34400,108780.0
2020-09-01,34100,34400,33800,34000,83195.0
2020-09-02,33950,34700,33750,34050,113910.0
2020-09-03,34050,34700,33900,34500,132914.0
2020-09-04,33350,33700,33250,33550,166070.0
2020-09-07,33700,35500,33150,34650,245358.0
2020-09-08,35000,36150,34500,34500,279932.0
2020-09-09,33900,34400,33300,33650,118824.0
2020-09-10,33800,34450,33550,34450,104019.0
2020-09-11,34000,34400,33600,34050,73533.0
2020-09-14,34200,34800,33900,34350,110553.0
2020-09-15,32200,33450,32200,32700,359987.0
2020-09-16,32700,32800,31650,31800,244237.0
2020-09-17,31550,32000,31050,31200,147609.0
2020-09-18,31200,31950,30700,31950,129040.0
2020-09-21,32100,32900,31800,32450,200278.0
2020-09-22,32450,32550,31650,31650,115933.0
2020-09-23,31800,33000,31650,31800,164568.0
2020-09-24,31150,31650,29600,29900,205436.0
2020-09-25,30000,33400,29550,31850,791551.0
2020-09-28,31250,32100,30650,30650,242506.0
2020-09-29,30800,30950,30350,30650,85632.0
2020-10-05,30300,30800,30200,30500,71829.0
2020-10-06,30450,30950,30450,30600,78938.0
2020-10-07,30500,31500,30350,31350,160362.0
2020-10-08,31200,31300,30650,30800,137697.0
2020-10-12,30800,30900,30200,30500,99441.0
2020-10-13,30500,31400,30500,30900,154068.0
2020-10-14,31650,32000,30300,30500,182523.0
2020-10-15,30500,30700,29100,29500,135877.0
2020-10-16,29150,29550,28350,28650,114392.0
2020-10-19,28550,29000,28100,28150,51125.0
2020-10-20,27700,29200,27700,28800,174965.0
2020-10-21,28800,29100,28400,28500,45907.0
2020-10-22,28500,28650,27700,27750,57391.0
2020-10-23,27800,27900,27050,27400,79748.0
2020-10-26,27200,27450,25900,26000,105502.0
2020-10-27,25800,26650,25450,25950,61364.0
2020-10-28,25600,26400,25600,26300,33865.0
2020-10-29,25800,26750,25750,26600,52958.0
2020-10-30,26800,27800,26500,26550,90071.0
2020-11-02,27000,27950,26350,26950,51538.0
2020-11-03,26850,27600,26700,27350,38424.0
2020-11-04,27650,27650,27100,27550,34611.0
2020-11-05,27500,28100,27500,27700,61744.0
2020-11-06,27700,28400,27100,27350,71152.0
2020-11-09,27300,27850,27200,27450,63428.0
2020-11-10,27200,27400,27000,27050,61388.0
2020-11-11,27050,27050,26000,26100,108438.0
2020-11-12,26050,26850,26050,26600,96783.0
2020-11-13,27000,30500,26500,27800,1015128.0
2020-11-16,28000,28050,27100,27400,171945.0
2020-11-17,28000,30200,27600,27750,515392.0
2020-11-18,28000,28350,27450,28000,106952.0
2020-11-19,28100,28200,27550,28000,70356.0
2020-11-20,27900,28500,27850,28400,75540.0
2020-11-23,28300,28800,27800,28100,107820.0
2020-11-24,28050,28350,27400,27500,98178.0
2020-11-25,27500,27700,27050,27100,90390.0
2020-11-26,27150,27450,27100,27300,51817.0
2020-11-27,27200,27700,27200,27550,44214.0
2020-11-30,27550,27700,27200,27200,55097.0
2020-12-01,27650,27750,27150,27300,70287.0
2020-12-02,27400,27600,27200,27400,53922.0
2020-12-03,27300,27400,26900,27050,89835.0
2020-12-04,27050,27200,26200,26300,135054.0
2020-12-07,26300,27150,26200,27000,98169.0
2020-12-08,26900,27050,26250,26250,78240.0
2020-12-09,26300,26650,26300,26350,47022.0
2020-12-10,26300,26450,26000,26300,44430.0
2020-12-11,26200,26700,26050,26650,54419.0
2020-12-14,26600,27350,26450,26750,140750.0
2020-12-15,26850,27350,26600,27150,140591.0
2020-12-16,27250,27550,27000,27000,74707.0
2020-12-17,27000,27100,26500,26650,71144.0
2020-12-18,26850,26850,26400,26600,77528.0
2020-12-21,26700,27300,26550,27000,155577.0
2020-12-22,27050,27050,26250,26350,88817.0
2020-12-23,26600,26700,25650,25800,158621.0
2020-12-24,25950,26450,25600,25800,84521.0
2020-12-28,25850,26650,25700,25800,104285.0
2020-12-29,25950,27050,25950,26850,112020.0
2020-12-30,27100,27500,26850,27100,63077.0
2021-01-04,27050,27250,26850,27100,92613.0
2021-01-05,27100,29000,27100,28600,292456.0
2021-01-06,28700,28950,27500,27850,137966.0
2021-01-07,27900,28200,27650,27700,74517.0
2021-01-08,27850,27950,26900,27100,139703.0
2021-01-11,26900,27000,25700,26050,161047.0
2021-01-12,26400,26400,25600,26100,72498.0
2021-01-13,26050,26650,25900,26350,73306.0
2021-01-14,26350,26700,26150,26200,38331.0
2021-01-15,26250,26400,25700,25800,69814.0
2021-01-18,25650,25800,25400,25450,50158.0
2021-01-19,25450,25650,25050,25300,71178.0
2021-01-20,25300,25750,25200,25600,50402.0
2021-01-21,25700,25800,25250,25450,59629.0
2021-01-22,25450,25500,25000,25150,75842.0
2021-01-25,25200,25250,24900,25050,59345.0
2021-01-26,25000,25650,25000,25100,73443.0
2021-01-27,25150,25350,25000,25000,42243.0
2021-01-28,24700,24850,24200,24250,84000.0
2021-01-29,24300,24450,23200,23350,109448.0
2021-02-01,23000,23950,22950,23750,36573.0
2021-02-02,23750,25500,23750,24900,81988.0
2021-02-03,25250,25250,24650,24900,30103.0
2021-02-04,24900,25650,24700,25400,45160.0
2021-02-05,25550,26800,25550,26450,141208.0
2021-02-08,26350,26600,26000,26450,41083.0
2021-02-09,26600,27750,26250,27200,130952.0
2021-02-10,27550,27650,26800,27150,74549.0
2021-02-15,27150,28350,27050,28300,142432.0
2021-02-16,28450,29850,27450,29300,279146.0
2021-02-17,29650,29850,28550,29050,99081.0
2021-02-18,29950,31350,29550,30650,383452.0
2021-02-19,31100,31400,29850,31000,195645.0
2021-02-22,31150,34250,31150,33150,604267.0
2021-02-23,33150,33800,32650,32950,178371.0
2021-02-24,32900,34000,32200,32700,263750.0
2021-02-25,33000,33750,32600,33500,118677.0
2021-02-26,32450,33900,32450,33650,129740.0
2021-03-02,33900,34100,32950,33300,99887.0
2021-03-03,33400,33400,32500,32750,88035.0
2021-03-04,32500,32500,31400,31550,126741.0
2021-03-05,31500,33250,30900,32850,138000.0
2021-03-08,33100,34350,32850,33500,179650.0
2021-03-09,33600,33850,32600,33650,91967.0
2021-03-10,33650,33850,32800,33000,65185.0
2021-03-11,33350,33550,32600,33000,50501.0
2021-03-12,33100,33950,32700,33600,73720.0
2021-03-15,33400,34500,33050,34250,105151.0
2021-03-16,34250,34450,33200,34000,50450.0
2021-03-17,34050,34550,33250,34500,99148.0
2021-03-18,34700,34900,34250,34500,69737.0
2021-03-19,34350,34750,34050,34700,53367.0
2021-03-22,34700,34950,33500,34150,71366.0
2021-03-23,34200,34400,33600,33900,76473.0
2021-03-24,34150,35750,33600,35150,178231.0
2021-03-25,35350,35600,33750,34200,118119.0
2021-03-26,34300,34500,33550,33700,60627.0
2021-03-29,34000,34250,32700,32700,72269.0
2021-03-30,32700,33200,32000,32800,78095.0
2021-03-31,32800,32900,31650,31950,80151.0
2021-04-01,32100,32200,31200,31800,67825.0
2021-04-02,32000,32000,31150,31150,67106.0
2021-04-05,31150,31550,30600,30600,50270.0
2021-04-06,30750,31500,30400,31400,78787.0
2021-04-07,31600,33200,31600,33000,137546.0
2021-04-08,33500,34600,32950,34500,154164.0
2021-04-09,34200,34750,34000,34500,82467.0
2021-04-12,34450,35150,34200,34650,92107.0
2021-04-13,34850,36250,34500,35250,246644.0
2021-04-14,35650,35950,35150,35350,105761.0
2021-04-15,35400,35600,34000,34750,119543.0
2021-04-16,34800,35200,34300,35200,83596.0
2021-04-19,35100,36000,34900,35350,119485.0
2021-04-20,35350,35500,34800,34950,63527.0
2021-04-21,34500,34800,33700,33750,110731.0
2021-04-22,33850,34250,33450,33850,55982.0
2021-04-23,33850,34300,33400,34100,42891.0
2021-04-26,34250,34450,33600,33900,71148.0
2021-04-27,34750,35250,33800,33950,125653.0
2021-04-28,34050,34450,32900,33250,83163.0
2021-04-29,33250,33450,32450,32700,60096.0
2021-04-30,32700,32950,31750,32200,65088.0
2021-05-03,31600,32400,31400,31750,67259.0
2021-05-04,31400,31800,30750,31250,75482.0
2021-05-06,31200,31500,31000,31300,34738.0
2021-05-07,31300,31850,30800,31300,48696.0
2021-05-10,31600,32300,31500,32200,72266.0
2021-05-11,32000,32100,31500,31750,44894.0
2021-05-12,31700,32050,30650,31150,60968.0
2021-05-13,30350,31150,30100,30700,82518.0
2021-05-14,30700,31700,30500,31100,69481.0
2021-05-17,31500,33200,31100,32700,196138.0
2021-05-18,32700,33200,32500,32800,73354.0
2021-05-20,32850,33600,32750,33000,99815.0
2021-05-21,33650,33650,32600,32900,72533.0
2021-05-24,32800,32900,32100,32500,49066.0
2021-05-25,32550,33300,32500,33050,51116.0
2021-05-26,33250,33400,32800,33350,48146.0
2021-05-27,33350,33350,32900,33100,34619.0
2021-05-28,33100,33400,32800,33000,45561.0
2021-05-31,33000,33100,32350,32750,71263.0
2021-06-01,32750,32950,32450,32650,40632.0
2021-06-02,32650,32650,31750,32000,75410.0
2021-06-03,32050,32150,31500,31900,46066.0
2021-06-04,31650,31850,31250,31400,53127.0
2021-06-07,31350,31500,31100,31350,45007.0
2021-06-08,31300,31650,31050,31400,33679.0
2021-06-09,31400,31400,30950,30950,49318.0
2021-06-10,30850,31900,30800,31600,53463.0
2021-06-11,31800,31850,31200,31350,43485.0
2021-06-14,31600,31750,31250,31350,44181.0
2021-06-15,31700,31800,31150,31600,35566.0
2021-06-16,31600,31750,31300,31300,41288.0
2021-06-17,31200,31250,30900,31000,38953.0
2021-06-18,31000,31300,30900,31200,34330.0
2021-06-21,31100,31450,30900,31350,57505.0
2021-06-22,31450,31650,31350,31500,59511.0
2021-06-23,31500,34450,31450,33250,499173.0
2021-06-24,33100,33500,32700,33000,120909.0
2021-06-25,33000,33350,32800,33050,55377.0
2021-06-28,33350,36500,33350,36500,868767.0
2021-06-29,36750,37750,36150,36900,429584.0
2021-06-30,36900,38400,36450,37750,344096.0
2021-07-01,37450,38300,37250,37950,148689.0
2021-07-02,37800,38200,37250,37950,187194.0
2021-07-05,38350,39700,37500,38200,368035.0
2021-07-06,38200,38500,37400,38150,129060.0
2021-07-07,38050,40000,37950,39000,333659.0
2021-07-08,39400,39400,37850,38950,157736.0
2021-07-09,38550,38950,37150,38200,234101.0
2021-07-12,38600,38650,37800,38200,79246.0
2021-07-13,38250,38350,37400,37800,101238.0
2021-07-14,37750,37800,37100,37400,87240.0
2021-07-15,37600,37600,36550,37000,103400.0
2021-07-16,36900,37450,36700,37400,54851.0
2021-07-19,37200,38000,37100,37300,82186.0
2021-07-20,37000,37050,35600,36150,136393.0
2021-07-21,36350,36700,35700,36150,54450.0
2021-07-22,36200,36300,35650,36100,60443.0
2021-07-23,36300,37350,36000,37200,112310.0
2021-07-26,37100,37500,36200,36450,60378.0
2021-07-27,36450,36600,35500,35500,65823.0
2021-07-28,35400,35700,34800,35450,53223.0
2021-07-29,35300,35700,34850,35500,28567.0
2021-07-30,35500,35500,34750,35100,57082.0
2021-08-02,34800,35250,34400,34800,64591.0
2021-08-03,35000,35000,34400,34700,85206.0
2021-08-04,34700,35400,34650,35050,69338.0
2021-08-05,35050,35600,34950,35100,61016.0
2021-08-06,35100,35300,34550,34850,45131.0
2021-08-09,34650,34850,33750,34000,111762.0
2021-08-10,34000,34250,33700,34050,59238.0
2021-08-11,34050,34850,34050,34450,64419.0
2021-08-12,34450,34600,33750,34100,57237.0
2021-08-13,34100,34200,32750,33350,74751.0
2021-08-17,33700,34050,32300,33700,132087.0
2021-08-18,34000,34000,33100,33500,48631.0
2021-08-19,33500,34500,32700,33000,108702.0
2021-08-20,32900,33200,31700,32150,101101.0
2021-08-23,32200,32650,31650,32350,55006.0
2021-08-24,32350,33750,32250,33150,93705.0
2021-08-25,33450,33450,32750,33150,36856.0
2021-08-26,33150,33850,33050,33200,51667.0
2021-08-27,33050,33200,32400,32650,72995.0
2021-08-30,32950,33000,32150,32200,44199.0
2021-08-31,32200,32200,31800,32100,37214.0
2021-09-01,32100,32600,31650,32500,47071.0
2021-09-02,32500,32900,32150,32700,52728.0
2021-09-03,32600,32950,32400,32800,42534.0
2021-09-06,32900,32900,32400,32600,75284.0
2021-09-07,32650,34650,32650,34500,245448.0
2021-09-08,34550,34550,33800,33900,71555.0
2021-09-09,33800,34600,33500,33950,58518.0
2021-09-10,34250,34250,32950,33000,65755.0
2021-09-13,32900,33300,32150,32950,61463.0
2021-09-14,33050,33700,32950,33100,67464.0
2021-09-15,33100,33200,32600,32900,36830.0
2021-09-16,33100,33100,31950,32200,61578.0
2021-09-17,32200,32750,31950,32600,46134.0
2021-09-23,32100,32450,31550,31550,73364.0
2021-09-24,31600,31900,31400,31400,61985.0
2021-09-27,31350,31500,31000,31300,33646.0
2021-09-28,31250,31300,30200,30500,90250.0
2021-09-29,30000,30450,29700,29900,61689.0
2021-09-30,29950,30150,29250,29400,64187.0
2021-10-01,29050,29200,27950,28300,90672.0
2021-10-05,27950,28050,27100,27350,57729.0
2021-10-06,27350,27700,26200,26400,84499.0
2021-10-07,26400,27500,26400,27500,37304.0
2021-10-08,27750,27900,27150,27750,33241.0
2021-10-12,27700,27950,27300,27700,27773.0
2021-10-13,27950,28150,27500,28100,26955.0
2021-10-14,28150,28700,27950,28300,24781.0
