날짜,시가,고가,저가,종가,거래량
2010-01-04,691,713,691,706,480520.0
2010-01-05,736,736,706,729,353334.0
2010-01-06,721,736,706,729,445097.0
2010-01-07,721,728,691,699,615387.0
2010-01-08,721,721,691,706,374880.0
2010-01-11,706,713,691,699,266040.0
2010-01-12,698,713,683,691,435859.0
2010-01-13,691,698,668,684,454882.0
2010-01-14,683,721,676,691,324752.0
2010-01-15,691,706,668,691,457290.0
2010-01-18,691,691,668,676,390378.0
2010-01-19,676,706,645,661,1069020.0
2010-01-20,661,661,615,638,725882.0
2010-01-21,638,638,608,638,402840.0
2010-01-22,638,638,615,631,169510.0
2010-01-25,615,623,600,608,392405.0
2010-01-26,623,623,570,586,653638.0
2010-01-27,608,608,570,601,482185.0
2010-01-28,623,623,570,586,232491.0
2010-01-29,570,600,570,601,401371.0
2010-02-01,593,630,585,616,431712.0
2010-02-02,615,630,615,616,240560.0
2010-02-03,615,623,585,601,436060.0
2010-02-04,593,593,578,586,208440.0
2010-02-05,570,668,525,638,2336797.0
2010-02-08,630,638,600,608,445700.0
2010-02-09,593,623,585,593,260674.0
2010-02-10,593,600,563,578,393088.0
2010-02-11,585,600,570,571,446096.0
2010-02-12,570,600,570,586,122663.0
2010-02-16,585,623,570,608,544714.0
2010-02-17,623,630,600,616,407027.0
2010-02-18,608,638,608,631,370877.0
2010-02-19,630,638,608,608,159335.0
2010-02-22,0,0,0,608,391180.0
2010-02-23,518,555,518,556,4170030.0
2010-02-24,555,578,540,578,937691.0
2010-02-25,585,623,585,616,1369253.0
2010-02-26,623,630,600,623,635171.0
2010-03-02,623,653,608,646,1757157.0
2010-03-03,668,676,638,661,1373618.0
2010-03-04,661,676,645,653,1417750.0
2010-03-05,653,676,645,661,874210.0
2010-03-08,676,706,645,669,3081215.0
2010-03-09,661,668,623,646,1328360.0
2010-03-10,645,668,630,646,1565482.0
2010-03-11,645,691,555,556,5405879.0
2010-03-12,518,578,518,556,4382390.0
2010-03-15,563,570,525,548,1217701.0
2010-03-16,555,555,473,473,4161499.0
2010-03-17,465,495,413,488,2969678.0
2010-03-18,495,495,428,428,1818769.0
2010-03-19,420,465,420,451,2492898.0
2010-03-22,450,518,435,518,2396520.0
2010-03-23,548,585,473,481,8868376.0
2010-03-24,495,503,450,466,3235981.0
2010-03-25,398,398,398,398,3275620.0
2010-03-26,398,435,398,436,5221437.0
2010-03-29,443,495,443,496,4275852.0
2010-03-30,525,563,503,526,4681732.0
2010-03-31,533,540,488,518,1439084.0
2010-04-01,525,548,510,541,1669910.0
2010-04-02,540,548,488,503,1724860.0
2010-04-05,473,473,428,443,3216655.0
2010-04-06,443,503,428,481,3703075.0
2010-04-07,480,510,458,458,3359284.0
2010-04-08,480,525,480,526,6174155.0
2010-04-09,540,540,473,481,3777199.0
2010-04-12,488,488,450,451,1365738.0
2010-04-13,458,495,458,473,947202.0
2010-04-14,488,518,465,511,1926976.0
2010-04-15,525,533,488,518,1621320.0
2010-04-16,518,525,488,511,1364110.0
2010-04-19,495,533,495,533,1241810.0
2010-04-20,533,578,525,563,1885249.0
2010-04-21,563,563,540,541,698810.0
2010-04-22,540,555,533,548,576295.0
2010-04-23,555,555,518,526,1567680.0
2010-04-26,525,578,525,556,1616920.0
2010-04-27,570,570,533,548,652252.0
2010-04-28,548,615,548,593,4900110.0
2010-04-29,585,608,570,586,1107756.0
2010-04-30,570,578,555,578,992854.0
2010-05-03,555,570,533,548,952290.0
2010-05-04,540,548,510,518,1237157.0
2010-05-06,525,563,510,526,4141595.0
2010-05-07,518,555,495,503,2096215.0
2010-05-10,518,533,503,526,2236756.0
2010-05-11,533,540,525,533,938515.0
2010-05-12,540,540,525,541,727703.0
2010-05-13,533,555,518,548,2359561.0
2010-05-14,533,615,533,593,2443338.0
2010-05-17,593,676,593,676,5915014.0
2010-05-18,706,773,706,774,2555952.0
2010-05-19,811,811,691,774,2700884.0
2010-05-20,811,886,743,886,2472759.0
2010-05-24,856,916,833,856,2411024.0
2010-05-25,841,953,788,886,3811878.0
2010-05-26,901,968,871,924,2054341.0
2010-05-27,946,953,893,894,1478079.0
2010-05-28,908,908,833,841,1292660.0
2010-05-31,863,961,841,961,1701875.0
2010-06-01,991,1104,976,1067,3019940.0
2010-06-03,1066,1224,1066,1224,2388129.0
2010-06-04,1254,1306,1134,1202,2884663.0
2010-06-07,1216,1231,1126,1187,1431157.0
2010-06-08,1194,1231,1134,1157,1121705.0
2010-06-09,1164,1164,983,984,2739944.0
2010-06-10,968,1096,938,1022,1683593.0
2010-06-11,1066,1156,1036,1059,891280.0
2010-06-14,1074,1074,923,1044,887913.0
2010-06-15,1036,1194,1014,1194,2359873.0
2010-06-16,1276,1367,1021,1277,5232266.0
2010-06-17,1089,1089,1089,1089,674414.0
2010-06-18,931,931,931,931,109340.0
2010-06-21,796,796,796,796,117230.0
2010-06-22,683,751,683,684,31356992.0
2010-06-23,676,683,608,646,7714181.0
2010-06-24,653,706,653,661,6577537.0
2010-06-25,638,668,608,623,4323995.0
2010-06-28,0,0,0,623,0.0
2010-06-29,630,645,585,586,2777422.0
2010-06-30,578,578,525,578,1824608.0
2010-07-01,570,608,563,571,1315769.0
2010-07-02,578,638,563,616,2931034.0
2010-07-05,615,691,600,646,2701536.0
2010-07-06,645,661,623,638,1029581.0
2010-07-07,623,638,608,616,954960.0
2010-07-08,623,630,600,601,899880.0
2010-07-09,608,623,600,608,596001.0
2010-07-12,600,608,585,593,790832.0
2010-07-13,608,638,593,623,1130143.0
2010-07-14,623,623,600,608,719743.0
2010-07-15,608,630,593,593,989489.0
2010-07-16,585,585,510,548,2174137.0
2010-07-19,540,593,518,571,655131.0
2010-07-20,570,585,563,571,447271.0
2010-07-21,570,578,548,571,587382.0
2010-07-22,570,578,540,548,476983.0
2010-07-23,555,563,518,526,888954.0
2010-07-26,525,548,518,541,609355.0
2010-07-27,540,578,525,563,1109408.0
2010-07-28,555,585,540,541,639178.0
2010-07-29,533,540,518,526,496770.0
2010-07-30,525,533,488,496,859750.0
2010-08-02,503,563,503,518,1660457.0
2010-08-03,525,555,503,511,836065.0
2010-08-04,510,525,503,518,437950.0
2010-08-05,518,525,503,511,383010.0
2010-08-06,510,510,495,503,466108.0
2010-08-09,503,525,503,503,455131.0
2010-08-10,428,428,428,428,665236.0
2010-08-11,435,480,405,428,2531449.0
2010-08-12,428,428,390,413,1498350.0
2010-08-13,413,428,405,421,556091.0
2010-08-16,405,413,383,413,1411227.0
2010-08-17,405,428,405,413,842360.0
2010-08-18,413,420,398,406,469586.0
2010-08-19,405,405,390,391,553190.0
2010-08-20,390,398,383,398,364692.0
2010-08-23,398,405,383,398,410557.0
2010-08-24,405,405,383,398,233555.0
2010-08-25,390,398,383,391,514653.0
2010-08-26,390,398,368,376,943413.0
2010-08-27,375,398,368,383,620957.0
2010-08-30,383,405,368,398,1271160.0
2010-08-31,390,405,390,398,174772.0
2010-09-01,398,420,383,413,1228170.0
2010-09-02,420,473,420,473,3673698.0
2010-09-03,495,533,413,413,12305989.0
2010-09-06,413,435,405,413,2012732.0
2010-09-07,413,413,390,398,1144953.0
2010-09-08,398,405,375,391,2118291.0
2010-09-09,390,398,375,383,1030526.0
2010-09-10,383,398,375,383,1029530.0
2010-09-13,383,435,383,421,3652819.0
2010-09-14,413,420,398,406,666141.0
2010-09-15,413,465,405,436,3909870.0
2010-09-16,428,465,420,428,2025741.0
2010-09-17,435,443,413,428,782319.0
2010-09-20,428,428,413,428,461730.0
2010-09-24,420,435,413,428,458269.0
2010-09-27,420,435,405,436,984410.0
2010-09-28,435,465,428,458,1699971.0
2010-09-29,465,488,450,473,928400.0
2010-09-30,465,465,450,458,639956.0
2010-10-01,458,473,443,458,574297.0
2010-10-04,452,452,419,421,733571.0
2010-10-05,428,461,428,458,914135.0
2010-10-06,465,468,435,439,709140.0
2010-10-07,438,446,429,440,323810.0
2010-10-08,441,467,431,457,661450.0
2010-10-11,464,464,444,451,477060.0
2010-10-12,447,452,435,449,851706.0
2010-10-13,449,456,447,449,389214.0
2010-10-14,449,455,443,446,314325.0
2010-10-15,456,456,434,445,391400.0
2010-10-18,449,449,435,440,232260.0
2010-10-19,446,446,420,433,539555.0
2010-10-20,431,431,390,415,1445630.0
2010-10-21,422,429,411,418,630974.0
2010-10-22,420,423,399,415,555940.0
2010-10-25,422,422,398,401,787040.0
2010-10-26,401,408,401,406,282230.0
2010-10-27,413,413,392,404,169650.0
2010-10-28,405,405,393,404,311470.0
2010-10-29,411,411,393,395,463710.0
2010-11-01,395,401,383,391,652170.0
2010-11-02,383,387,333,350,2975180.0
2010-11-03,350,371,348,361,760690.0
2010-11-04,366,366,351,356,292800.0
2010-11-05,356,357,322,329,1602968.0
2010-11-08,333,336,324,334,364051.0
2010-11-09,333,335,324,332,280309.0
2010-11-10,330,381,330,382,2566130.0
2010-11-11,402,425,372,382,2761606.0
2010-11-12,405,405,344,349,1335637.0
2010-11-15,348,360,327,334,754989.0
2010-11-16,333,345,322,341,605530.0
2010-11-17,341,353,318,329,708590.0
2010-11-18,329,335,319,324,782170.0
2010-11-19,332,354,321,324,1231777.0
2010-11-22,327,332,322,326,660080.0
2010-11-23,329,338,321,327,749875.0
2010-11-24,310,329,309,323,808435.0
2010-11-25,325,329,313,320,1203080.0
2010-11-26,322,324,304,305,1040531.0
2010-11-29,315,350,313,350,1106991.0
2010-11-30,401,401,401,401,431206.0
2010-12-01,450,461,428,461,7880018.0
2010-12-02,495,522,426,445,16419308.0
2010-12-03,417,419,378,379,6384884.0
2010-12-06,375,434,353,434,6876807.0
2010-12-07,417,497,414,439,8559131.0
2010-12-08,428,479,417,443,3352869.0
2010-12-09,438,476,417,430,3346210.0
2010-12-10,429,432,389,391,3166571.0
2010-12-13,389,401,375,398,1821372.0
2010-12-14,399,413,386,394,1693919.0
2010-12-15,390,393,363,371,1246300.0
2010-12-16,368,383,353,376,1921561.0
2010-12-17,383,401,357,367,2686431.0
2010-12-20,366,366,332,346,1544850.0
2010-12-21,348,372,348,356,1148150.0
2010-12-22,359,368,342,347,2124030.0
2010-12-23,347,353,330,343,1244302.0
2010-12-24,330,344,325,332,708740.0
2010-12-27,332,333,321,329,461233.0
2010-12-28,327,330,315,317,760570.0
2010-12-29,312,327,300,312,1193197.0
2010-12-30,265,265,265,266,308475.0
2011-01-03,226,232,226,227,3533418.0
2011-01-04,219,259,216,260,9018981.0
2011-01-05,265,265,244,246,5501783.0
2011-01-06,234,247,229,242,3498213.0
2011-01-07,243,274,241,252,4007058.0
2011-01-10,268,268,252,254,1870909.0
2011-01-11,252,259,244,249,1721640.0
2011-01-12,252,259,250,260,1002046.0
2011-01-13,261,268,250,252,1610128.0
2011-01-14,252,256,249,255,432247.0
2011-01-17,253,258,247,252,536510.0
2011-01-18,238,253,238,245,643469.0
2011-01-19,246,250,244,246,400800.0
2011-01-20,250,256,244,248,1369800.0
2011-01-21,250,252,241,246,339521.0
2011-01-24,243,246,240,245,216891.0
2011-01-25,240,262,240,260,2653403.0
2011-01-26,264,297,264,297,5253940.0
2011-01-27,303,325,253,263,8344053.0
2011-01-28,255,264,250,257,1466925.0
2011-01-31,294,294,285,294,2622707.0
2011-02-01,338,338,338,338,1054816.0
2011-02-07,338,386,325,376,7866995.0
2011-02-08,374,411,371,376,3638372.0
2011-02-09,390,431,374,431,6056974.0
2011-02-10,441,495,440,496,9541514.0
2011-02-11,513,561,461,496,10388894.0
2011-02-14,495,569,495,569,9769316.0
2011-02-15,611,653,585,653,6584828.0
2011-02-16,653,730,606,673,14379580.0
2011-02-17,688,688,572,572,5202049.0
2011-02-18,552,582,489,505,6790135.0
2011-02-21,518,579,507,580,4590922.0
2011-02-22,615,657,570,575,6483574.0
2011-02-23,555,558,489,499,3425150.0
2011-02-24,494,564,458,518,4698288.0
2011-02-25,546,560,495,514,1437046.0
2011-02-28,518,533,501,506,706763.0
2011-03-02,504,506,450,493,1098661.0
2011-03-03,492,561,492,541,2803171.0
2011-03-04,600,600,540,542,1533464.0
2011-03-07,546,572,528,538,731340.0
2011-03-08,533,540,482,517,1715520.0
2011-03-09,515,560,501,527,639976.0
2011-03-10,525,534,492,511,630747.0
2011-03-11,434,476,434,434,2155120.0
2011-03-14,392,392,369,370,768177.0
2011-03-15,324,417,322,388,2718979.0
2011-03-16,387,423,383,400,962210.0
2011-03-17,383,411,365,386,490106.0
2011-03-18,0,0,0,329,1329220.0
2011-03-21,0,0,0,329,0.0
2011-03-22,0,0,0,329,0.0
2011-03-23,0,0,0,329,0.0
2011-03-24,0,0,0,329,0.0
2011-03-25,0,0,0,329,0.0
2011-03-28,0,0,0,329,0.0
2011-03-29,0,0,0,329,0.0
2011-03-30,0,0,0,329,0.0
2011-03-31,0,0,0,329,0.0
2011-04-01,0,0,0,329,0.0
2011-04-04,0,0,0,329,0.0
2011-04-05,0,0,0,329,0.0
2011-04-06,0,0,0,329,0.0
2011-04-07,0,0,0,329,0.0
2011-04-08,0,0,0,329,0.0
2011-04-11,0,0,0,329,0.0
2011-04-12,0,0,0,329,0.0
2011-04-13,0,0,0,329,0.0
2011-04-14,0,0,0,329,0.0
2011-04-15,0,0,0,329,0.0
2011-04-18,0,0,0,329,0.0
2011-04-19,0,0,0,329,0.0
2011-04-20,0,0,0,329,0.0
2011-04-21,0,0,0,329,0.0
2011-04-22,0,0,0,329,0.0
2011-04-25,0,0,0,329,0.0
2011-04-26,0,0,0,329,0.0
2011-04-27,0,0,0,329,0.0
2011-04-28,0,0,0,329,0.0
2011-04-29,0,0,0,329,0.0
2011-05-02,0,0,0,329,0.0
2011-05-03,0,0,0,329,0.0
2011-05-04,0,0,0,329,0.0
2011-05-06,0,0,0,329,0.0
2011-05-09,0,0,0,329,0.0
2011-05-11,0,0,0,329,0.0
2011-05-12,0,0,0,329,0.0
2011-05-13,0,0,0,329,0.0
2011-05-16,0,0,0,329,0.0
2011-05-17,0,0,0,329,0.0
2011-05-18,0,0,0,329,0.0
2011-05-19,0,0,0,329,0.0
2011-05-20,0,0,0,329,0.0
2011-05-23,0,0,0,329,0.0
2011-05-24,0,0,0,329,0.0
2011-05-25,0,0,0,329,0.0
2011-05-26,0,0,0,329,0.0
2011-05-27,0,0,0,329,0.0
2011-05-30,0,0,0,329,0.0
2011-05-31,0,0,0,329,0.0
2011-06-01,0,0,0,329,0.0
2011-06-02,0,0,0,329,0.0
2011-06-03,0,0,0,329,0.0
2011-06-07,0,0,0,329,0.0
2011-06-08,0,0,0,329,0.0
2011-06-09,0,0,0,329,0.0
2011-06-10,0,0,0,329,0.0
2011-06-13,0,0,0,329,0.0
2011-06-14,0,0,0,329,0.0
2011-06-15,0,0,0,329,0.0
2011-06-16,0,0,0,329,0.0
2011-06-17,0,0,0,329,0.0
2011-06-20,0,0,0,329,0.0
2011-06-21,0,0,0,329,0.0
2011-06-22,0,0,0,329,0.0
2011-06-23,0,0,0,329,0.0
2011-06-24,0,0,0,329,0.0
2011-06-27,0,0,0,329,0.0
2011-06-28,0,0,0,329,0.0
2011-06-29,0,0,0,329,0.0
2011-06-30,0,0,0,329,0.0
2011-07-01,0,0,0,329,0.0
2011-07-04,0,0,0,329,0.0
2011-07-05,0,0,0,329,0.0
2011-07-06,0,0,0,329,0.0
2011-07-07,0,0,0,329,0.0
2011-07-08,0,0,0,329,0.0
2011-07-11,0,0,0,329,0.0
2011-07-12,0,0,0,329,0.0
2011-07-13,0,0,0,329,0.0
2011-07-14,0,0,0,329,0.0
2011-07-15,0,0,0,329,0.0
2011-07-18,0,0,0,329,0.0
2011-07-19,0,0,0,329,0.0
2011-07-20,0,0,0,329,0.0
2011-07-21,0,0,0,329,0.0
2011-07-22,0,0,0,329,0.0
2011-07-25,0,0,0,329,0.0
2011-07-26,0,0,0,329,0.0
2011-07-27,0,0,0,329,0.0
2011-07-28,0,0,0,329,0.0
2011-07-29,0,0,0,329,0.0
2011-08-01,0,0,0,329,0.0
2011-08-02,0,0,0,329,0.0
2011-08-03,0,0,0,329,0.0
2011-08-04,0,0,0,329,0.0
2011-08-05,0,0,0,329,0.0
2011-08-08,0,0,0,329,0.0
2011-08-09,0,0,0,329,0.0
2011-08-10,0,0,0,329,0.0
2011-08-11,0,0,0,329,0.0
2011-08-12,0,0,0,329,0.0
2011-08-16,0,0,0,329,0.0
2011-08-17,0,0,0,329,0.0
2011-08-18,0,0,0,329,0.0
2011-08-19,0,0,0,329,0.0
2011-08-22,0,0,0,329,0.0
2011-08-23,0,0,0,329,0.0
2011-08-24,0,0,0,329,0.0
2011-08-25,0,0,0,329,0.0
2011-08-26,0,0,0,329,0.0
2011-08-29,0,0,0,329,0.0
2011-08-30,0,0,0,329,0.0
2011-08-31,0,0,0,329,0.0
2011-09-01,0,0,0,329,0.0
2011-09-02,0,0,0,329,0.0
2011-09-05,0,0,0,329,0.0
2011-09-06,0,0,0,329,0.0
2011-09-07,0,0,0,329,0.0
2011-09-08,0,0,0,329,0.0
2011-09-09,0,0,0,329,0.0
2011-09-14,0,0,0,329,0.0
2011-09-15,0,0,0,329,0.0
2011-09-16,0,0,0,329,0.0
2011-09-19,0,0,0,329,0.0
2011-09-20,0,0,0,329,0.0
2011-09-21,0,0,0,329,0.0
2011-09-22,0,0,0,329,0.0
2011-09-23,0,0,0,329,0.0
2011-09-26,0,0,0,329,0.0
2011-09-27,0,0,0,329,0.0
2011-09-28,0,0,0,329,0.0
2011-09-29,0,0,0,329,0.0
2011-09-30,0,0,0,329,0.0
2011-10-04,0,0,0,329,0.0
2011-10-05,0,0,0,329,0.0
2011-10-06,0,0,0,329,0.0
2011-10-07,0,0,0,329,0.0
2011-10-10,0,0,0,329,0.0
2011-10-11,0,0,0,329,0.0
2011-10-12,0,0,0,329,0.0
2011-10-13,0,0,0,329,0.0
2011-10-14,0,0,0,329,0.0
2011-10-17,0,0,0,329,0.0
2011-10-18,0,0,0,329,0.0
2011-10-19,0,0,0,329,0.0
2011-10-20,0,0,0,329,0.0
2011-10-21,0,0,0,329,0.0
2011-10-24,0,0,0,329,0.0
2011-10-25,0,0,0,329,0.0
2011-10-26,0,0,0,329,0.0
2011-10-27,0,0,0,329,0.0
2011-10-28,0,0,0,329,0.0
2011-10-31,0,0,0,329,0.0
2011-11-01,0,0,0,329,0.0
2011-11-02,0,0,0,329,0.0
2011-11-03,0,0,0,329,0.0
2011-11-04,0,0,0,329,0.0
2011-11-07,0,0,0,329,0.0
2011-11-08,0,0,0,329,0.0
2011-11-09,0,0,0,329,0.0
2011-11-10,0,0,0,329,0.0
2011-11-11,0,0,0,329,0.0
2011-11-14,0,0,0,329,0.0
2011-11-15,0,0,0,329,0.0
2011-11-16,0,0,0,329,0.0
2011-11-17,0,0,0,329,0.0
2011-11-18,0,0,0,329,0.0
2011-11-21,0,0,0,329,0.0
2011-11-22,0,0,0,329,0.0
2011-11-23,0,0,0,329,0.0
2011-11-24,0,0,0,329,0.0
2011-11-25,0,0,0,329,0.0
2011-11-28,0,0,0,329,0.0
2011-11-29,0,0,0,329,0.0
2011-11-30,0,0,0,329,0.0
2011-12-01,0,0,0,329,0.0
2011-12-02,0,0,0,329,0.0
2011-12-05,0,0,0,329,0.0
2011-12-06,0,0,0,329,0.0
2011-12-07,0,0,0,329,0.0
2011-12-08,0,0,0,329,0.0
2011-12-09,0,0,0,329,0.0
2011-12-12,0,0,0,329,0.0
2011-12-13,0,0,0,329,0.0
2011-12-14,0,0,0,329,0.0
2011-12-15,0,0,0,329,0.0
2011-12-16,0,0,0,329,0.0
2011-12-19,0,0,0,329,0.0
2011-12-20,0,0,0,329,0.0
2011-12-21,0,0,0,329,0.0
2011-12-22,0,0,0,329,0.0
2011-12-23,0,0,0,329,0.0
2011-12-26,0,0,0,329,0.0
2011-12-27,0,0,0,329,0.0
2011-12-28,0,0,0,329,0.0
2011-12-29,0,0,0,329,0.0
2012-01-02,0,0,0,329,0.0
2012-01-03,0,0,0,329,0.0
2012-01-04,0,0,0,329,0.0
2012-01-05,0,0,0,329,0.0
2012-01-06,0,0,0,329,0.0
2012-01-09,0,0,0,329,0.0
2012-01-10,0,0,0,329,0.0
2012-01-11,0,0,0,329,0.0
2012-01-12,0,0,0,329,0.0
2012-01-13,0,0,0,329,0.0
2012-01-16,0,0,0,329,0.0
2012-01-17,0,0,0,329,0.0
2012-01-18,0,0,0,329,0.0
2012-01-19,0,0,0,329,0.0
2012-01-20,0,0,0,329,0.0
2012-01-25,0,0,0,329,0.0
2012-01-26,0,0,0,329,0.0
2012-01-27,0,0,0,329,0.0
2012-01-30,0,0,0,329,0.0
2012-01-31,0,0,0,329,0.0
2012-02-01,0,0,0,329,0.0
2012-02-02,0,0,0,329,0.0
2012-02-03,0,0,0,329,0.0
2012-02-06,0,0,0,329,0.0
2012-02-07,0,0,0,329,0.0
2012-02-08,0,0,0,329,0.0
2012-02-09,0,0,0,329,0.0
2012-02-10,0,0,0,329,0.0
2012-02-13,0,0,0,329,0.0
2012-02-14,0,0,0,329,0.0
2012-02-15,0,0,0,329,0.0
2012-02-16,0,0,0,329,0.0
2012-02-17,0,0,0,329,0.0
2012-02-20,0,0,0,329,0.0
2012-02-21,0,0,0,329,0.0
2012-02-22,0,0,0,329,0.0
2012-02-23,0,0,0,329,0.0
2012-02-24,0,0,0,329,0.0
2012-02-27,0,0,0,329,0.0
2012-02-28,0,0,0,329,0.0
2012-02-29,0,0,0,329,0.0
2012-03-02,0,0,0,329,0.0
2012-03-05,0,0,0,329,0.0
2012-03-06,0,0,0,329,0.0
2012-03-07,0,0,0,329,0.0
2012-03-08,0,0,0,329,0.0
2012-03-09,0,0,0,329,0.0
2012-03-12,0,0,0,329,0.0
2012-03-13,0,0,0,329,0.0
2012-03-14,0,0,0,329,0.0
2012-03-15,0,0,0,329,0.0
2012-03-16,0,0,0,329,0.0
2012-03-19,0,0,0,329,0.0
2012-03-20,0,0,0,329,0.0
2012-03-21,0,0,0,329,0.0
2012-03-22,0,0,0,329,0.0
2012-03-23,0,0,0,329,0.0
2012-03-26,0,0,0,329,0.0
2012-03-27,0,0,0,329,0.0
2012-03-28,0,0,0,329,0.0
2012-03-29,0,0,0,329,0.0
2012-03-30,0,0,0,329,0.0
2012-04-02,0,0,0,329,0.0
2012-04-03,0,0,0,329,0.0
2012-04-04,0,0,0,329,0.0
2012-04-05,0,0,0,329,0.0
2012-04-06,0,0,0,329,0.0
2012-04-09,0,0,0,329,0.0
2012-04-10,0,0,0,329,0.0
2012-04-12,0,0,0,329,0.0
2012-04-13,0,0,0,329,0.0
2012-04-16,0,0,0,329,0.0
2012-04-17,0,0,0,329,0.0
2012-04-18,0,0,0,329,0.0
2012-04-19,0,0,0,329,0.0
2012-04-20,0,0,0,329,0.0
2012-04-23,0,0,0,329,0.0
2012-04-24,0,0,0,329,0.0
2012-04-25,0,0,0,1645,0.0
2012-04-26,0,0,0,1645,0.0
2012-04-27,0,0,0,1645,0.0
2012-04-30,0,0,0,1645,0.0
2012-05-02,0,0,0,1645,0.0
2012-05-03,0,0,0,1645,0.0
2012-05-04,0,0,0,1645,0.0
2012-05-07,0,0,0,1645,0.0
2012-05-08,0,0,0,1645,0.0
2012-05-09,0,0,0,1645,0.0
2012-05-10,0,0,0,1645,0.0
2012-05-11,0,0,0,1645,0.0
2012-05-14,1645,1890,1645,1890,146378.0
2012-05-15,2170,2170,2070,2170,1767364.0
2012-05-16,1845,2280,1845,1905,1461433.0
2012-05-17,1925,2015,1645,1645,553266.0
2012-05-18,1675,1675,1400,1400,445419.0
2012-05-21,1295,1395,1225,1315,459530.0
2012-05-22,1510,1510,1380,1435,1632041.0
2012-05-23,1375,1490,1310,1405,467901.0
2012-05-24,1380,1495,1330,1345,162974.0
2012-05-25,1345,1415,1240,1260,234487.0
2012-05-29,1265,1285,1210,1280,138923.0
2012-05-30,1265,1470,1245,1470,331770.0
2012-05-31,1570,1690,1555,1690,683483.0
2012-06-01,1930,1930,1695,1815,927266.0
2012-06-04,1810,1900,1630,1900,480141.0
2012-06-05,1900,2145,1715,2070,797288.0
2012-06-07,2160,2270,2030,2075,378865.0
2012-06-08,2050,2270,2040,2145,341792.0
2012-06-11,2100,2100,1925,1990,498371.0
2012-06-12,2000,2050,1900,1995,175925.0
2012-06-13,1995,2035,1970,2000,122034.0
2012-06-14,2000,2085,2000,2055,96840.0
2012-06-15,2015,2095,1980,2075,73943.0
2012-06-18,2075,2080,2010,2010,70615.0
2012-06-19,2080,2080,1975,2010,39966.0
2012-06-20,2010,2010,1710,1710,331471.0
2012-06-21,1635,1675,1570,1645,338882.0
2012-06-22,1640,1670,1595,1650,170654.0
2012-06-25,1655,1695,1605,1605,106717.0
2012-06-26,1550,1665,1550,1590,109656.0
2012-06-27,1635,1640,1480,1615,104660.0
2012-06-28,1605,1620,1565,1570,61767.0
2012-06-29,1570,1600,1515,1580,40466.0
2012-07-02,1585,1660,1585,1630,36721.0
2012-07-03,1660,1675,1580,1585,48300.0
2012-07-04,1585,1605,1575,1600,32508.0
2012-07-05,1665,1720,1550,1615,116230.0
2012-07-06,1680,1680,1550,1570,31644.0
2012-07-09,1570,1625,1550,1580,28530.0
2012-07-10,1580,1600,1475,1495,45510.0
2012-07-11,1450,1490,1335,1390,184487.0
2012-07-12,1390,1585,1300,1530,82569.0
2012-07-13,1700,1700,1465,1475,38501.0
2012-07-16,1475,1585,1430,1500,39233.0
2012-07-17,1505,1515,1465,1480,36609.0
2012-07-18,1495,1685,1450,1480,286798.0
2012-07-19,1470,1545,1420,1500,34372.0
2012-07-20,1510,1575,1470,1510,6497.0
2012-07-23,1510,1540,1410,1470,21840.0
2012-07-24,1425,1495,1340,1410,102671.0
2012-07-25,1355,1400,1330,1345,107771.0
2012-07-26,1375,1375,1250,1345,92505.0
2012-07-27,1355,1500,1300,1320,25254.0
2012-07-30,1320,1330,1250,1255,43270.0
2012-07-31,1250,1305,1250,1285,17110.0
2012-08-01,1295,1295,1260,1285,18520.0
2012-08-02,1275,1290,1260,1260,19097.0
2012-08-03,1240,1385,1240,1300,35036.0
2012-08-06,1305,1305,1250,1265,4824.0
2012-08-07,1300,1435,1290,1365,40515.0
2012-08-08,1375,1565,1375,1520,374004.0
2012-08-09,1520,1535,1415,1475,82603.0
2012-08-10,1480,1510,1405,1415,50342.0
2012-08-13,1460,1480,1415,1435,18239.0
2012-08-14,1450,1455,1410,1420,18563.0
2012-08-16,1405,1450,1385,1390,24129.0
2012-08-17,1420,1420,1350,1395,15502.0
2012-08-20,1340,1395,1310,1340,26256.0
2012-08-21,1315,1475,1315,1345,52211.0
2012-08-22,1345,1380,1320,1340,14060.0
2012-08-23,1320,1375,1320,1370,22196.0
2012-08-24,1375,1375,1300,1365,22090.0
2012-08-27,1435,1435,1330,1365,26710.0
2012-08-28,1365,1365,1310,1320,34766.0
2012-08-29,1300,1340,1290,1320,27524.0
2012-08-30,1325,1380,1280,1320,23403.0
2012-08-31,1300,1375,1280,1290,40271.0
2012-09-03,1320,1320,1270,1300,29520.0
2012-09-04,1315,1315,1280,1310,6982.0
2012-09-05,1315,1320,1255,1305,19390.0
2012-09-06,1310,1310,1255,1295,20460.0
2012-09-07,1315,1315,1250,1300,37930.0
2012-09-10,1275,1300,1240,1285,43312.0
2012-09-11,1285,1435,1200,1325,112059.0
2012-09-12,1475,1475,1325,1390,106824.0
2012-09-13,1420,1420,1335,1390,36727.0
2012-09-14,1410,1410,1360,1400,21930.0
2012-09-17,1400,1415,1370,1400,24320.0
2012-09-18,1410,1410,1380,1400,23576.0
2012-09-19,1430,1430,1370,1400,17430.0
2012-09-20,1400,1410,1350,1350,5601.0
2012-09-21,1390,1400,1300,1355,21169.0
2012-09-24,1340,1380,1305,1330,28249.0
2012-09-25,1320,1395,1300,1355,26920.0
2012-09-26,1390,1390,1265,1270,92503.0
2012-09-27,1280,1325,1250,1270,21094.0
2012-09-28,1270,1315,1250,1285,16256.0
2012-10-02,1300,1360,1290,1310,14400.0
2012-10-04,1310,1350,1290,1320,36893.0
2012-10-05,1350,1350,1230,1285,18130.0
2012-10-08,1300,1305,1240,1275,17102.0
2012-10-09,1290,1290,1260,1280,24450.0
2012-10-10,1260,1275,1240,1255,13341.0
2012-10-11,1265,1270,1240,1260,8606.0
2012-10-12,1265,1265,1215,1255,11815.0
2012-10-15,1260,1260,1210,1250,13730.0
2012-10-16,1220,1260,1220,1255,5751.0
2012-10-17,1260,1260,1230,1250,4538.0
2012-10-18,1250,1250,1215,1220,13030.0
2012-10-19,1255,1255,1170,1235,3880.0
2012-10-22,1250,1400,1240,1280,10150.0
2012-10-23,1370,1370,1290,1320,21030.0
2012-10-24,1335,1335,1265,1300,5200.0
2012-10-25,1380,1380,1230,1295,7132.0
2012-10-26,1300,1300,1240,1300,9201.0
2012-10-29,1300,1300,1105,1245,51046.0
2012-10-30,1245,1275,1150,1245,7040.0
2012-10-31,1290,1290,1235,1245,3612.0
2012-11-01,1370,1370,1165,1245,13980.0
2012-11-02,1295,1295,1060,1250,17712.0
2012-11-05,1250,1340,1180,1265,7048.0
2012-11-06,1255,1265,1200,1255,14327.0
2012-11-07,1275,1275,1205,1260,1730.0
2012-11-08,1290,1290,1205,1250,2348.0
2012-11-09,1295,1295,1210,1260,6528.0
2012-11-12,1260,1260,1200,1230,5780.0
2012-11-13,1205,1225,1190,1220,7050.0
2012-11-14,1220,1300,1165,1220,5780.0
2012-11-15,1230,1240,1185,1210,7580.0
2012-11-16,1215,1215,1050,1185,14690.0
2012-11-19,1220,1220,1135,1190,1060.0
2012-11-20,1220,1220,1155,1155,2960.0
2012-11-21,1160,1160,1080,1100,23676.0
2012-11-22,1060,1200,935,1035,33676.0
2012-11-23,1005,1020,985,1000,27271.0
2012-11-26,875,1010,875,1000,20210.0
2012-11-27,1000,1065,992,1000,5150.0
2012-11-28,1000,1055,985,1055,12577.0
2012-11-29,1055,1210,1055,1210,53402.0
2012-11-30,1335,1390,1120,1150,270962.0
2012-12-03,1150,1250,1125,1200,15933.0
2012-12-04,1200,1360,1195,1245,138227.0
2012-12-05,1245,1300,1205,1280,24510.0
2012-12-06,1280,1295,1200,1220,8353.0
2012-12-07,1270,1270,1130,1255,4420.0
2012-12-10,1270,1430,1220,1350,149300.0
2012-12-11,1260,1295,1195,1245,31350.0
2012-12-12,1215,1260,1120,1210,29400.0
2012-12-13,1210,1275,1205,1210,17440.0
2012-12-14,1210,1295,1055,1150,17090.0
2012-12-17,1150,1150,1050,1080,26987.0
2012-12-18,1050,1120,1005,1100,34290.0
2012-12-20,1100,1175,1020,1065,13640.0
2012-12-21,1025,1105,1025,1075,21081.0
2012-12-24,1170,1170,1055,1080,152612.0
2012-12-26,1080,1100,1060,1060,4570.0
2012-12-27,1215,1215,1065,1090,19941.0
2012-12-28,1150,1150,1060,1110,7758.0
2013-01-02,1120,1230,1050,1095,19432.0
2013-01-03,1085,1110,1015,1055,19581.0
2013-01-04,1065,1120,1050,1070,8290.0
2013-01-07,1100,1100,1020,1045,8240.0
2013-01-08,1055,1055,1020,1020,16453.0
2013-01-09,1020,1075,1020,1045,17641.0
2013-01-10,1045,1080,1000,1070,19879.0
2013-01-11,1055,1080,1020,1080,5281.0
2013-01-14,1090,1090,1030,1035,7551.0
2013-01-15,1080,1140,1025,1070,18111.0
2013-01-16,1060,1090,1025,1045,11240.0
2013-01-17,1050,1155,1035,1115,11067.0
2013-01-18,1210,1210,1070,1080,17770.0
2013-01-21,1135,1135,1060,1070,5430.0
2013-01-22,1145,1145,1020,1060,11841.0
2013-01-23,1040,1055,1025,1025,21990.0
2013-01-24,1010,1035,1000,1025,11890.0
2013-01-25,1030,1030,992,1025,24080.0
2013-01-28,1010,1090,1010,1040,9040.0
2013-01-29,1105,1105,1030,1060,3570.0
2013-01-30,1065,1100,1035,1070,5881.0
2013-01-31,1075,1075,1040,1070,3160.0
2013-02-01,1065,1100,1055,1090,2740.0
2013-02-04,1025,1100,1005,1070,30699.0
2013-02-05,1050,1230,1045,1230,522602.0
2013-02-06,1265,1355,1160,1200,214330.0
2013-02-07,1225,1255,1170,1225,83911.0
2013-02-08,1230,1280,1180,1185,35492.0
2013-02-12,1145,1190,1050,1050,140692.0
2013-02-13,1075,1205,1075,1205,232817.0
2013-02-14,1265,1385,1235,1385,529910.0
2013-02-15,1520,1590,1395,1410,1136460.0
2013-02-18,1420,1435,1295,1410,154495.0
2013-02-19,1380,1620,1380,1620,1107738.0
2013-02-20,1640,1725,1475,1475,995421.0
2013-02-21,1490,1555,1465,1530,263887.0
2013-02-22,1500,1515,1410,1455,140544.0
2013-02-25,1510,1510,1360,1400,67556.0
2013-02-26,1425,1430,1320,1395,63810.0
2013-02-27,1430,1430,1365,1365,43520.0
2013-02-28,1370,1400,1335,1400,45040.0
2013-03-04,1400,1420,1365,1390,30681.0
2013-03-05,1410,1410,1360,1360,60200.0
2013-03-06,1360,1395,1300,1350,45400.0
2013-03-07,1340,1345,1265,1290,20463.0
2013-03-08,1285,1410,1255,1300,40353.0
2013-03-11,1345,1345,1225,1255,46280.0
2013-03-12,1240,1270,1200,1255,45380.0
2013-03-13,1255,1440,1225,1440,98599.0
2013-03-14,1400,1645,1370,1490,407940.0
2013-03-15,1495,1500,1415,1430,70512.0
2013-03-18,1410,1445,1340,1340,36367.0
2013-03-19,1330,1380,1255,1340,36482.0
2013-03-20,1340,1380,1275,1275,30944.0
2013-03-21,1330,1330,1250,1270,23491.0
2013-03-22,1295,1435,1260,1305,97881.0
2013-03-25,1315,1380,1250,1345,50130.0
2013-03-26,1365,1365,1290,1290,14984.0
2013-03-27,1330,1330,1220,1280,63180.0
2013-03-28,1290,1295,1260,1280,23810.0
2013-03-29,1300,1300,1235,1270,24574.0
2013-04-01,1270,1300,1240,1295,18684.0
2013-04-02,1305,1345,1265,1305,19590.0
2013-04-03,1305,1325,1270,1290,21410.0
2013-04-04,1290,1290,1235,1255,30200.0
2013-04-05,1240,1340,1200,1240,22900.0
2013-04-08,1260,1260,1180,1190,30660.0
2013-04-09,1200,1285,1160,1160,31930.0
2013-04-10,1160,1255,1145,1175,22000.0
2013-04-11,1160,1225,1160,1180,14697.0
2013-04-12,1180,1200,1165,1200,10038.0
2013-04-15,1210,1315,1190,1245,7810.0
2013-04-16,1305,1325,1240,1265,48651.0
2013-04-17,1295,1315,1230,1280,24520.0
2013-04-18,1295,1305,1260,1285,6900.0
2013-04-19,1310,1310,1215,1260,22390.0
2013-04-22,1295,1295,1200,1220,21597.0
2013-04-23,1245,1250,1160,1160,17214.0
2013-04-24,1175,1210,1175,1200,8693.0
2013-04-25,1200,1220,1180,1200,12831.0
2013-04-26,1200,1220,1200,1205,8140.0
2013-04-29,1220,1365,1190,1250,112789.0
2013-04-30,1235,1280,1200,1245,47839.0
2013-05-02,1220,1295,1180,1295,27100.0
2013-05-03,1285,1330,1265,1265,9545.0
2013-05-06,1285,1290,1230,1240,19990.0
2013-05-07,1215,1285,1190,1235,33624.0
2013-05-08,1230,1250,1215,1215,14993.0
2013-05-09,1235,1280,1205,1215,12049.0
2013-05-10,1245,1245,1205,1225,13590.0
2013-05-13,1235,1260,1210,1255,16400.0
2013-05-14,1255,1280,1200,1210,20090.0
2013-05-15,1230,1230,1175,1225,24120.0
2013-05-16,1250,1250,1195,1215,23360.0
2013-05-20,1220,1225,1190,1220,25980.0
2013-05-21,1215,1240,1200,1230,8940.0
2013-05-22,1245,1245,1215,1235,12960.0
2013-05-23,1230,1230,1185,1195,38699.0
2013-05-24,1180,1210,1175,1175,17200.0
2013-05-27,1180,1200,1160,1165,11050.0
2013-05-28,1175,1195,1150,1165,13037.0
2013-05-29,1175,1180,1155,1180,4290.0
2013-05-30,1185,1235,1155,1215,19620.0
2013-05-31,1230,1230,1180,1210,2470.0
2013-06-03,1220,1220,1170,1170,6240.0
2013-06-04,1170,1195,1160,1170,8730.0
2013-06-05,1175,1180,1160,1175,1960.0
2013-06-07,1175,1300,1160,1290,52464.0
2013-06-10,1295,1335,1180,1190,39596.0
2013-06-11,1200,1205,1160,1175,16410.0
2013-06-12,1175,1190,1150,1175,13298.0
2013-06-13,1160,1180,1150,1175,5508.0
2013-06-14,1160,1185,1160,1185,7292.0
2013-06-17,1185,1185,1130,1160,13150.0
2013-06-18,1130,1200,1130,1190,9190.0
2013-06-19,1190,1200,1160,1190,5100.0
2013-06-20,1190,1230,1165,1180,9440.0
2013-06-21,1210,1345,1130,1180,56280.0
2013-06-24,1180,1200,1120,1160,25040.0
2013-06-25,1160,1200,1140,1150,22190.0
2013-06-26,1155,1175,1150,1155,7010.0
2013-06-27,1190,1240,1165,1210,9360.0
2013-06-28,1200,1230,1180,1220,3800.0
2013-07-01,1260,1260,1190,1225,5610.0
2013-07-02,1155,1220,1155,1220,1390.0
2013-07-03,1210,1210,1175,1210,1860.0
2013-07-04,1200,1210,1175,1210,2500.0
2013-07-05,1210,1250,1180,1180,8560.0
2013-07-08,1230,1230,1170,1205,5880.0
2013-07-09,1220,1220,1160,1190,6310.0
2013-07-10,1220,1220,1160,1200,4720.0
2013-07-11,1195,1195,1160,1165,9830.0
2013-07-12,1180,1210,1150,1205,15050.0
2013-07-15,1215,1215,1160,1200,1710.0
2013-07-16,1205,1210,1160,1200,4990.0
2013-07-17,1210,1210,1175,1195,1850.0
2013-07-18,1205,1205,1180,1200,2474.0
2013-07-19,1200,1200,1160,1180,8989.0
2013-07-22,1155,1185,1155,1175,10991.0
2013-07-23,1175,1175,1160,1165,4270.0
2013-07-24,1155,1185,1150,1160,6756.0
2013-07-25,1150,1170,1150,1170,6430.0
2013-07-26,1160,1185,1160,1185,2640.0
2013-07-29,1170,1185,1160,1175,2690.0
2013-07-30,1155,1190,1155,1160,7096.0
2013-07-31,1160,1180,1110,1155,16394.0
2013-08-01,1150,1150,1110,1110,41241.0
2013-08-02,1110,1150,1110,1135,4591.0
2013-08-05,1135,1255,1135,1160,28150.0
2013-08-06,1215,1220,1140,1190,12186.0
2013-08-07,1200,1200,1160,1170,8620.0
2013-08-08,1195,1260,1185,1255,54766.0
2013-08-09,1250,1285,1200,1200,20200.0
2013-08-12,1260,1260,1120,1200,29810.0
2013-08-13,1165,1225,1160,1185,11340.0
2013-08-14,1180,1180,1150,1170,11289.0
2013-08-16,1160,1170,1140,1170,5170.0
2013-08-19,1145,1195,1145,1190,2920.0
2013-08-20,1150,1220,1145,1205,20280.0
2013-08-21,1200,1235,1140,1225,27270.0
2013-08-22,1170,1220,1120,1140,22130.0
2013-08-23,1150,1170,1120,1170,11870.0
2013-08-26,1165,1165,1140,1140,1910.0
2013-08-27,1140,1155,1130,1155,2976.0
2013-08-28,1155,1175,1140,1160,4130.0
2013-08-29,1160,1250,1145,1145,14830.0
2013-08-30,1145,1195,1005,1170,72220.0
2013-09-02,1165,1220,1140,1140,16440.0
2013-09-03,1175,1175,1110,1110,13810.0
2013-09-04,1110,1170,1110,1170,14050.0
2013-09-05,1130,1170,1130,1160,5340.0
2013-09-06,1180,1180,1140,1155,4820.0
2013-09-09,1155,1175,1130,1165,5060.0
2013-09-10,1155,1165,1140,1165,8060.0
2013-09-11,1165,1175,1100,1145,47916.0
2013-09-12,1140,1155,1125,1135,13210.0
2013-09-13,1145,1150,1125,1125,7539.0
2013-09-16,1140,1140,1125,1130,3470.0
2013-09-17,1135,1170,1135,1140,2960.0
2013-09-23,1170,1170,1110,1115,9630.0
2013-09-24,1125,1130,1080,1100,18931.0
2013-09-25,1100,1115,1080,1090,5257.0
2013-09-26,1090,1115,1050,1115,14960.0
2013-09-27,1105,1125,1080,1080,19540.0
2013-09-30,1100,1100,1075,1090,4760.0
2013-10-01,1110,1130,1090,1115,30030.0
2013-10-02,1120,1120,1070,1105,5330.0
2013-10-04,1095,1095,1070,1080,10810.0
2013-10-07,1080,1165,1080,1090,33100.0
2013-10-08,1115,1115,1030,1075,13170.0
2013-10-10,1095,1100,1065,1090,6580.0
2013-10-11,1090,1090,1040,1060,16430.0
2013-10-14,1060,1060,1020,1040,28380.0
2013-10-15,1040,1095,1030,1075,6492.0
2013-10-16,1055,1095,1045,1090,10530.0
2013-10-17,1060,1140,1055,1125,15360.0
2013-10-18,1110,1110,1080,1080,2948.0
2013-10-21,1120,1120,1035,1085,45680.0
2013-10-22,1040,1085,1030,1055,27600.0
2013-10-23,1070,1080,1030,1035,14990.0
2013-10-24,1040,1055,1040,1055,18960.0
2013-10-25,1055,1100,1020,1095,23890.0
2013-10-28,1095,1125,1050,1080,10620.0
2013-10-29,1100,1100,1030,1065,32270.0
2013-10-30,1065,1070,1040,1065,3400.0
2013-10-31,1085,1085,1050,1075,4833.0
2013-11-01,1080,1085,1060,1075,6360.0
2013-11-04,1080,1100,1060,1080,19020.0
2013-11-05,1080,1080,1040,1070,4620.0
2013-11-06,1100,1100,1055,1055,5880.0
2013-11-07,1085,1090,1020,1080,1710.0
2013-11-08,1060,1095,1040,1045,37760.0
2013-11-11,1065,1070,1020,1060,28670.0
2013-11-12,1060,1060,1020,1045,31460.0
2013-11-13,1045,1090,1015,1025,28204.0
2013-11-14,1030,1040,1005,1025,12367.0
2013-11-15,1025,1060,1025,1060,1291.0
2013-11-18,1050,1050,1010,1035,18130.0
2013-11-19,1035,1040,1010,1010,12730.0
2013-11-20,1035,1035,1005,1010,2730.0
2013-11-21,1010,1020,960,960,38490.0
2013-11-22,956,990,950,990,24780.0
2013-11-25,990,1000,967,967,13260.0
2013-11-26,970,984,952,952,14630.0
2013-11-27,955,1000,940,1000,7940.0
2013-11-28,999,999,954,965,12260.0
2013-11-29,983,983,954,954,2000.0
2013-12-02,958,975,917,975,15780.0
2013-12-03,936,999,933,999,17770.0
2013-12-04,950,970,945,950,6980.0
2013-12-05,930,930,893,895,112100.0
2013-12-06,913,913,841,890,87412.0
2013-12-09,898,898,871,878,29510.0
2013-12-10,886,1000,851,894,30261.0
2013-12-11,890,958,881,912,34709.0
2013-12-12,909,968,906,965,45811.0
2013-12-13,990,1000,921,984,29924.0
2013-12-16,948,995,948,971,13202.0
2013-12-17,1000,1010,963,994,10436.0
2013-12-18,999,1000,976,981,3940.0
2013-12-19,1030,1040,980,1035,41750.0
2013-12-20,1065,1080,981,1015,13402.0
2013-12-23,1055,1055,1005,1040,29680.0
2013-12-24,1060,1060,991,1015,35272.0
2013-12-26,1015,1050,1000,1015,21170.0
2013-12-27,1035,1045,995,1045,7297.0
2013-12-30,1050,1050,1025,1040,11610.0
2014-01-02,1050,1070,1045,1045,27020.0
2014-01-03,1070,1070,1045,1045,14040.0
2014-01-06,1045,1070,1035,1060,5070.0
2014-01-07,1080,1080,1065,1075,5300.0
2014-01-08,1075,1085,1050,1080,6380.0
2014-01-09,1085,1110,1050,1090,11330.0
2014-01-10,1070,1130,1070,1110,2160.0
2014-01-13,1080,1105,1060,1075,5960.0
2014-01-14,1060,1075,1055,1065,3600.0
2014-01-15,1060,1070,1045,1070,10830.0
2014-01-16,1080,1100,1060,1080,12614.0
2014-01-17,1080,1100,1030,1030,25606.0
2014-01-20,1040,1050,1025,1030,8644.0
2014-01-21,1030,1040,1025,1040,6130.0
2014-01-22,1030,1045,990,995,32390.0
2014-01-23,996,1000,981,998,2940.0
2014-01-24,964,999,964,995,6320.0
2014-01-27,995,997,975,975,5480.0
2014-01-28,996,996,970,989,650.0
2014-01-29,988,997,971,975,5940.0
2014-02-03,991,991,989,989,2750.0
2014-02-04,989,989,961,980,2490.0
2014-02-05,994,994,970,991,940.0
2014-02-06,991,1035,980,1000,12519.0
2014-02-07,1035,1035,981,998,4010.0
2014-02-10,952,997,952,995,8450.0
2014-02-11,1045,1045,968,999,3230.0
2014-02-12,1050,1050,962,1005,8460.0
2014-02-13,1005,1005,974,978,3090.0
2014-02-14,982,1000,973,990,120.0
2014-02-17,999,1025,950,975,3470.0
2014-02-18,937,994,937,989,12820.0
2014-02-19,1010,1010,970,972,1181.0
2014-02-20,1000,1000,965,996,5060.0
2014-02-21,1000,1000,959,989,9050.0
2014-02-24,970,993,970,974,2590.0
2014-02-25,984,1020,960,998,11418.0
2014-02-26,998,1000,977,983,2620.0
2014-02-27,974,997,970,997,4060.0
2014-02-28,990,998,976,995,1970.0
2014-03-03,1050,1050,976,999,2830.0
2014-03-04,1035,1040,976,977,7810.0
2014-03-05,981,1010,981,982,590.0
2014-03-06,1035,1035,972,972,1270.0
2014-03-07,977,996,970,989,7310.0
2014-03-10,1035,1040,980,990,2980.0
2014-03-11,990,993,978,986,2140.0
2014-03-12,1035,1035,966,981,13240.0
2014-03-13,990,999,974,980,2700.0
2014-03-14,1040,1040,974,985,1900.0
2014-03-17,976,989,962,986,3440.0
2014-03-18,975,979,950,978,27070.0
2014-03-19,980,984,972,972,2670.0
2014-03-20,976,979,952,966,12210.0
2014-03-21,953,1025,953,972,16840.0
2014-03-24,1020,1020,955,974,6320.0
2014-03-25,974,974,957,973,5360.0
2014-03-26,997,997,971,973,120.0
2014-03-27,999,999,963,970,2200.0
2014-03-28,951,980,951,970,5010.0
2014-03-31,969,980,969,976,3580.0
2014-04-01,980,980,969,976,3220.0
2014-04-02,988,988,970,976,6320.0
2014-04-03,980,980,961,970,2810.0
2014-04-04,969,969,950,968,4026.0
2014-04-07,968,969,960,969,220.0
2014-04-08,967,969,963,968,11742.0
2014-04-09,968,968,963,963,1520.0
2014-04-10,969,970,961,970,2120.0
2014-04-11,970,981,960,960,7300.0
2014-04-14,965,965,939,940,19860.0
2014-04-15,946,946,929,930,5948.0
2014-04-16,954,954,909,927,6830.0
2014-04-17,939,945,912,935,1870.0
2014-04-18,945,947,944,947,9360.0
2014-04-21,945,952,933,933,4734.0
2014-04-22,970,970,934,938,13850.0
2014-04-23,941,941,920,926,21804.0
2014-04-24,918,934,909,921,3040.0
2014-04-25,921,925,919,919,10141.0
2014-04-28,933,933,910,911,2290.0
2014-04-29,948,948,910,920,2230.0
2014-04-30,920,927,910,912,11009.0
2014-05-02,912,918,895,909,5812.0
2014-05-07,925,925,896,925,2890.0
2014-05-08,884,912,884,903,12000.0
2014-05-09,900,916,886,909,8010.0
2014-05-12,891,944,890,901,6130.0
2014-05-13,910,930,901,902,1890.0
2014-05-14,902,920,901,904,9630.0
2014-05-15,908,908,871,901,2399.0
2014-05-16,903,903,895,900,1140.0
2014-05-19,922,922,899,908,13200.0
2014-05-20,920,920,905,910,60.0
2014-05-21,885,900,874,893,17342.0
2014-05-22,892,959,882,896,20960.0
2014-05-23,900,920,897,914,520.0
2014-05-26,910,910,886,904,1780.0
2014-05-27,900,900,870,878,21250.0
2014-05-28,924,927,869,875,14370.0
2014-05-29,930,930,860,893,12120.0
2014-05-30,893,930,834,892,31400.0
2014-06-02,888,924,860,874,33863.0
2014-06-03,860,875,860,869,4343.0
2014-06-05,875,875,857,868,5036.0
2014-06-09,875,875,830,869,26893.0
2014-06-10,868,868,854,861,39822.0
2014-06-11,862,878,846,855,20397.0
2014-06-12,836,870,836,853,6373.0
2014-06-13,858,877,830,850,13767.0
2014-06-16,853,873,840,863,1057.0
2014-06-17,863,878,845,853,3482.0
2014-06-18,867,880,845,854,2575.0
2014-06-19,841,879,758,855,13846.0
2014-06-20,913,913,822,835,14059.0
2014-06-23,842,842,821,829,2327.0
2014-06-24,838,871,801,830,12842.0
2014-06-25,875,880,813,824,13886.0
2014-06-26,877,877,812,820,6422.0
2014-06-27,816,879,800,800,2848.0
2014-06-30,774,850,774,803,7148.0
2014-07-01,790,878,762,805,3889.0
2014-07-02,800,863,800,822,14516.0
2014-07-03,822,855,813,827,11604.0
2014-07-04,827,951,825,951,448915.0
2014-07-07,999,1090,981,1090,560018.0
2014-07-08,1180,1235,1050,1050,1415705.0
2014-07-09,1050,1085,982,1015,494270.0
2014-07-10,1025,1165,1000,1165,704988.0
2014-07-11,1240,1330,1200,1200,1455574.0
2014-07-14,1180,1275,1155,1195,619813.0
2014-07-15,1205,1215,1075,1125,326417.0
2014-07-16,1125,1230,1100,1100,686903.0
2014-07-17,1100,1175,1070,1070,300709.0
2014-07-18,1065,1090,1010,1040,322174.0
2014-07-21,1075,1095,1025,1040,202497.0
2014-07-22,1040,1100,1025,1100,129097.0
2014-07-23,1100,1130,1065,1070,122794.0
2014-07-24,1085,1085,1020,1055,85005.0
2014-07-25,1055,1080,1030,1075,79417.0
2014-07-28,1075,1075,994,999,93283.0
2014-07-29,983,1005,974,998,52614.0
2014-07-30,1000,1020,988,992,24186.0
2014-07-31,1000,1000,970,989,36330.0
2014-08-01,973,991,970,973,24922.0
2014-08-04,974,1020,828,960,27382.0
2014-08-05,954,979,954,979,39445.0
2014-08-06,985,1000,970,981,6032.0
2014-08-07,982,1000,972,991,17886.0
2014-08-08,990,1020,982,997,45340.0
2014-08-11,997,1030,988,1000,30292.0
2014-08-12,991,1000,981,994,19866.0
2014-08-13,984,1000,969,980,21246.0
2014-08-14,970,988,950,969,38171.0
2014-08-18,973,981,951,969,13614.0
2014-08-19,1010,1110,1010,1110,127220.0
2014-08-20,1270,1275,1205,1275,853168.0
2014-08-21,1230,1270,1115,1135,813541.0
2014-08-22,1160,1305,1150,1305,2359919.0
2014-08-25,1360,1375,1110,1110,2323454.0
2014-08-26,1095,1180,1080,1140,663940.0
2014-08-27,1130,1170,1070,1100,211408.0
2014-08-28,1110,1195,1080,1145,328054.0
2014-08-29,1155,1175,1120,1160,177460.0
2014-09-01,1150,1185,1115,1125,123342.0
2014-09-02,1110,1290,1090,1240,451500.0
2014-09-03,1275,1325,1170,1235,460729.0
2014-09-04,1240,1280,1160,1180,235438.0
2014-09-05,1160,1315,1135,1280,330171.0
2014-09-11,1355,1365,1205,1240,161091.0
2014-09-12,1265,1265,1180,1235,114273.0
2014-09-15,1230,1340,1175,1275,284238.0
2014-09-16,1260,1280,1200,1230,99448.0
2014-09-17,1255,1260,1215,1260,58665.0
2014-09-18,1270,1270,1200,1210,61055.0
2014-09-19,1195,1220,1160,1180,106685.0
2014-09-22,1205,1220,1160,1160,55192.0
2014-09-23,1145,1170,1135,1165,66066.0
2014-09-24,1145,1175,1145,1165,35639.0
2014-09-25,1155,1200,1140,1140,23784.0
2014-09-26,1165,1165,1080,1120,81308.0
2014-09-29,1120,1145,1100,1130,27340.0
2014-09-30,1120,1145,1110,1125,13803.0
2014-10-01,1145,1170,1110,1110,46494.0
2014-10-02,1090,1135,1090,1130,19303.0
2014-10-06,1150,1165,1125,1145,18315.0
2014-10-07,1145,1180,1145,1170,29728.0
2014-10-08,1170,1190,1150,1180,4889.0
2014-10-10,1180,1180,1045,1125,129366.0
2014-10-13,1125,1130,1045,1095,40209.0
2014-10-14,1135,1135,1050,1090,11599.0
2014-10-15,1150,1150,1035,1060,63837.0
2014-10-16,1035,1070,1030,1035,16719.0
2014-10-17,1045,1130,1045,1045,15853.0
2014-10-20,1050,1100,1040,1050,12261.0
2014-10-21,1050,1075,1020,1035,13082.0
2014-10-22,1025,1075,1025,1045,10421.0
2014-10-23,1080,1080,1025,1030,21069.0
2014-10-24,1030,1040,1010,1030,10658.0
2014-10-27,1005,1065,1005,1065,23175.0
2014-10-28,1085,1085,1005,1020,92947.0
2014-10-29,1010,1035,1005,1020,17172.0
2014-10-30,1035,1090,1015,1030,39105.0
2014-10-31,1050,1065,1020,1055,11195.0
2014-11-03,1055,1210,1025,1080,134918.0
2014-11-04,1065,1135,1020,1030,30974.0
2014-11-05,1030,1180,1030,1180,364470.0
2014-11-06,1230,1350,1155,1320,618949.0
2014-11-07,1350,1380,1260,1365,319692.0
2014-11-10,1335,1410,1270,1270,154910.0
2014-11-11,1265,1265,1185,1215,229444.0
2014-11-12,1215,1230,1150,1170,205189.0
2014-11-13,1190,1345,1180,1345,473328.0
2014-11-14,1545,1545,1225,1300,1141079.0
2014-11-17,1320,1495,1320,1495,924214.0
2014-11-18,1585,1585,1380,1470,1598884.0
2014-11-19,1450,1670,1400,1530,800696.0
2014-11-20,1560,1670,1450,1500,459018.0
2014-11-21,1510,1510,1380,1420,307625.0
2014-11-24,1420,1450,1350,1440,165333.0
2014-11-25,1420,1515,1370,1370,131738.0
2014-11-26,1385,1385,1300,1340,144265.0
2014-11-27,1320,1385,1230,1300,253556.0
2014-11-28,1295,1300,1235,1265,89781.0
2014-12-01,1215,1240,1110,1180,397481.0
2014-12-02,1165,1270,1140,1245,189238.0
2014-12-03,1220,1275,1160,1225,52935.0
2014-12-04,1215,1275,1195,1210,77881.0
2014-12-05,1235,1390,1215,1390,580479.0
2014-12-08,1440,1470,1390,1445,464338.0
2014-12-09,1420,1430,1310,1310,202395.0
2014-12-10,1320,1355,1255,1315,83600.0
2014-12-11,1340,1510,1305,1510,776456.0
2014-12-12,1570,1685,1465,1550,969530.0
2014-12-15,1575,1635,1460,1520,421697.0
2014-12-16,1520,1635,1400,1470,595201.0
2014-12-17,1450,1470,1275,1295,412296.0
2014-12-18,1290,1355,1220,1290,174387.0
2014-12-19,1230,1330,1230,1300,208160.0
2014-12-22,1285,1325,1260,1325,82186.0
2014-12-23,1315,1340,1280,1330,59454.0
2014-12-24,1300,1310,1240,1245,187696.0
2014-12-26,1245,1255,1190,1200,115804.0
2014-12-29,1185,1350,1170,1245,218360.0
2014-12-30,1285,1295,1230,1250,70664.0
2015-01-02,1250,1365,1250,1305,142565.0
2015-01-05,1350,1350,1270,1315,46981.0
2015-01-06,1305,1350,1245,1260,62294.0
2015-01-07,1235,1285,1225,1280,57457.0
2015-01-08,1250,1360,1250,1275,107741.0
2015-01-09,1285,1435,1280,1405,523977.0
2015-01-12,1400,1435,1360,1385,300744.0
2015-01-13,1385,1480,1335,1335,192668.0
2015-01-14,1330,1455,1330,1400,186528.0
2015-01-15,1400,1400,1350,1390,119991.0
2015-01-16,1380,1450,1375,1450,134252.0
2015-01-19,1445,1500,1395,1450,185160.0
2015-01-20,1460,1460,1355,1355,105054.0
2015-01-21,1345,1435,1320,1335,136560.0
2015-01-22,1335,1350,1320,1335,97874.0
2015-01-23,1375,1375,1300,1300,119648.0
2015-01-26,1265,1305,1260,1290,66507.0
2015-01-27,1335,1335,1280,1280,30290.0
2015-01-28,1270,1315,1270,1280,64913.0
2015-01-29,1275,1295,1255,1295,42890.0
2015-01-30,1310,1325,1280,1320,57380.0
2015-02-02,1325,1325,1265,1295,52042.0
2015-02-03,1295,1325,1290,1300,59125.0
2015-02-04,1295,1325,1275,1325,52296.0
2015-02-05,1330,1350,1305,1345,88552.0
2015-02-06,1350,1545,1350,1470,2800033.0
2015-02-09,1510,1690,1410,1680,1778278.0
2015-02-10,1650,1650,1535,1590,859061.0
2015-02-11,1575,1580,1420,1480,720594.0
2015-02-12,1500,1620,1460,1475,1043150.0
2015-02-13,1525,1590,1460,1520,390242.0
2015-02-16,1590,1640,1530,1625,498571.0
2015-02-17,1670,1720,1560,1615,385276.0
2015-02-23,1650,1855,1590,1800,660736.0
2015-02-24,1730,1965,1670,1800,744431.0
2015-02-25,1825,1900,1780,1780,375122.0
2015-02-26,1760,1870,1720,1820,194412.0
2015-02-27,1805,1920,1800,1835,269159.0
2015-03-02,1820,1895,1805,1855,139692.0
2015-03-03,1860,1865,1770,1850,72495.0
2015-03-04,1895,1995,1765,1765,220449.0
2015-03-05,1750,1800,1675,1800,155915.0
2015-03-06,2000,2040,1815,1855,411424.0
2015-03-09,1855,1995,1700,1800,892554.0
2015-03-10,1800,1875,1770,1795,145255.0
2015-03-11,1790,1805,1715,1775,186618.0
2015-03-12,1740,1880,1730,1815,226163.0
2015-03-13,1795,1930,1795,1885,202228.0
2015-03-16,1885,1940,1820,1840,155745.0
2015-03-17,1840,1890,1820,1860,60133.0
2015-03-18,1860,1935,1840,1880,92773.0
2015-03-19,1865,1920,1815,1915,102830.0
2015-03-20,1865,1975,1865,1900,72476.0
2015-03-23,1875,2185,1830,2185,468708.0
2015-03-24,2240,2305,2080,2165,327067.0
2015-03-25,2200,2310,2160,2200,252556.0
2015-03-26,2210,2220,2125,2220,148055.0
2015-03-27,2220,2550,2200,2420,530360.0
2015-03-30,2300,2415,2230,2360,176536.0
2015-03-31,2410,2410,2210,2340,162346.0
2015-04-01,2325,2430,2200,2360,84004.0
2015-04-02,2380,2380,2265,2265,77496.0
2015-04-03,2260,2330,2170,2170,140186.0
2015-04-06,2220,2290,2090,2135,204595.0
2015-04-07,2130,2185,2070,2120,217374.0
2015-04-08,2155,2160,2000,2020,231324.0
2015-04-09,2060,2060,1945,1995,261552.0
2015-04-10,1995,2150,1995,2060,276398.0
2015-04-13,2060,2095,2000,2030,242929.0
2015-04-14,2050,2065,2000,2030,118098.0
2015-04-15,2030,2045,1905,1930,181849.0
2015-04-16,1945,2030,1880,1960,94004.0
2015-04-17,2010,2035,1855,1920,220290.0
2015-04-20,1925,1925,1740,1805,278700.0
2015-04-21,1835,1940,1805,1870,167038.0
2015-04-22,1870,1870,1720,1730,179175.0
2015-04-23,1730,1985,1730,1870,676248.0
2015-04-24,1810,1870,1635,1740,266007.0
2015-04-27,1765,1790,1735,1755,41949.0
2015-04-28,1740,1765,1690,1760,46338.0
2015-04-29,1820,1820,1730,1785,76840.0
2015-04-30,1750,1875,1745,1780,110021.0
2015-05-04,1840,1895,1770,1815,153854.0
2015-05-06,1825,1990,1820,1960,193541.0
2015-05-07,1940,1980,1890,1960,110214.0
2015-05-08,2000,2120,1960,2050,237066.0
2015-05-11,2020,2120,2000,2050,116502.0
2015-05-12,2055,2160,2020,2050,184431.0
2015-05-13,2045,2080,2015,2040,109533.0
2015-05-14,2055,2080,1915,1935,139738.0
2015-05-15,1945,1975,1850,1885,78056.0
2015-05-18,1855,1935,1750,1870,131740.0
2015-05-19,1840,1900,1735,1800,109094.0
2015-05-20,1770,1870,1750,1820,67305.0
2015-05-21,1860,1860,1765,1770,73959.0
2015-05-22,1730,1795,1685,1745,131639.0
2015-05-26,1765,1765,1700,1735,43447.0
2015-05-27,1750,1750,1690,1690,53447.0
2015-05-28,1720,1750,1680,1700,77854.0
2015-05-29,1720,1740,1685,1685,39890.0
2015-06-01,1630,1725,1580,1700,102236.0
2015-06-02,1675,1750,1620,1620,116853.0
2015-06-03,1590,1680,1550,1655,34145.0
2015-06-04,1685,1800,1675,1675,52107.0
2015-06-05,1675,1745,1655,1690,17833.0
2015-06-08,1710,1775,1680,1750,76075.0
2015-06-09,1830,1830,1715,1775,83890.0
2015-06-10,1810,1810,1700,1720,51630.0
2015-06-11,1775,1775,1650,1695,23906.0
2015-06-12,1745,1745,1615,1675,70911.0
2015-06-15,1660,1780,1570,1635,49280.0
2015-06-16,1500,1635,1500,1585,110549.0
2015-06-17,1585,1895,1585,1730,220676.0
2015-06-18,1760,1880,1710,1830,101496.0
2015-06-19,1860,1935,1835,1900,124382.0
2015-06-22,1905,1945,1880,1925,79674.0
2015-06-23,1925,1950,1800,1860,100886.0
2015-06-24,1865,1890,1825,1875,46457.0
2015-06-25,1875,1890,1820,1865,32450.0
2015-06-26,1900,1905,1755,1755,70100.0
2015-06-29,1755,1825,1685,1690,103566.0
2015-06-30,1650,1795,1650,1750,37659.0
2015-07-01,1795,1795,1705,1765,24433.0
2015-07-02,1790,1790,1695,1700,40271.0
2015-07-03,1710,1760,1670,1695,31637.0
2015-07-06,1590,1715,1590,1695,43072.0
2015-07-07,1700,1725,1655,1705,39453.0
2015-07-08,1740,1740,1670,1680,45414.0
2015-07-09,1690,1725,1650,1695,45009.0
2015-07-10,1755,1755,1675,1710,69799.0
2015-07-13,1790,1790,1625,1700,73120.0
2015-07-14,1700,1775,1680,1685,53077.0
2015-07-15,1700,1700,1600,1685,118313.0
2015-07-16,1685,1755,1615,1685,112780.0
2015-07-17,1665,1750,1620,1625,104184.0
2015-07-20,1610,2100,1605,1720,684059.0
2015-07-21,1740,1770,1650,1680,164124.0
2015-07-22,1680,1925,1660,1830,479120.0
2015-07-23,1830,1860,1765,1820,156841.0
2015-07-24,1840,1960,1785,1855,825112.0
2015-07-27,1875,1980,1845,1860,280146.0
2015-07-28,1885,1890,1765,1770,148174.0
2015-07-29,1755,1795,1700,1700,193327.0
2015-07-30,1710,1885,1675,1750,241353.0
2015-07-31,1770,1825,1725,1725,90908.0
2015-08-03,1730,1830,1695,1715,66107.0
2015-08-04,1715,1775,1690,1705,108898.0
2015-08-05,1730,1730,1680,1710,90340.0
2015-08-06,1715,1735,1670,1685,80374.0
2015-08-07,1685,1770,1680,1695,164491.0
2015-08-10,1685,1745,1630,1665,188033.0
2015-08-11,1665,1695,1575,1585,213246.0
2015-08-12,1560,1620,1520,1600,79951.0
2015-08-13,1590,1635,1560,1625,62290.0
2015-08-17,1600,1615,1530,1585,266233.0
2015-08-18,1560,1595,1475,1525,115062.0
2015-08-19,1480,1545,1400,1480,123427.0
2015-08-20,1450,1550,1435,1505,60631.0
2015-08-21,1355,1495,1340,1340,107171.0
2015-08-24,1340,1425,1260,1315,77089.0
2015-08-25,1320,1435,1320,1380,96816.0
2015-08-26,1380,1420,1370,1385,28024.0
2015-08-27,1385,1465,1385,1450,89197.0
2015-08-28,1455,1550,1400,1430,95034.0
2015-08-31,1425,1435,1390,1425,47666.0
2015-09-01,1415,1425,1325,1365,125635.0
2015-09-02,1335,1365,1295,1330,143477.0
2015-09-03,1320,1340,1310,1325,76447.0
2015-09-04,1315,1320,1220,1250,113381.0
2015-09-07,1230,1255,1160,1180,106538.0
2015-09-08,1175,1175,1050,1120,493846.0
2015-09-09,1135,1455,1090,1225,2370138.0
2015-09-10,1215,1250,1160,1225,513082.0
2015-09-11,1250,1250,1180,1220,168509.0
2015-09-14,1215,1245,1185,1220,81478.0
2015-09-15,1205,1225,1200,1210,134282.0
2015-09-16,1210,1275,1205,1230,218147.0
2015-09-17,1230,1250,1215,1245,134476.0
2015-09-18,1245,1270,1200,1245,189094.0
2015-09-21,1245,1335,1230,1295,187671.0
2015-09-22,1295,1550,1290,1390,896579.0
2015-09-23,1380,1435,1350,1420,187538.0
2015-09-24,1460,1580,1405,1455,543466.0
2015-09-25,1455,1480,1400,1440,183211.0
2015-09-30,1405,1475,1385,1455,412636.0
2015-10-01,1440,1490,1400,1425,124969.0
2015-10-02,1405,1475,1360,1460,184830.0
2015-10-05,1460,1550,1450,1490,66597.0
2015-10-06,1525,1575,1470,1505,213813.0
2015-10-07,1515,1540,1425,1485,155252.0
2015-10-08,1495,1500,1445,1470,74722.0
2015-10-12,1450,1470,1400,1445,100646.0
2015-10-13,1455,1455,1400,1445,194810.0
2015-10-14,1435,1445,1400,1440,121854.0
2015-10-15,1435,1450,1400,1430,141065.0
2015-10-16,1415,1440,1390,1430,172572.0
2015-10-19,1420,1450,1415,1445,257917.0
2015-10-20,1450,1485,1415,1475,247897.0
2015-10-21,1480,1685,1465,1545,1033017.0
2015-10-22,1545,1665,1530,1570,533880.0
2015-10-23,1580,1615,1550,1590,191437.0
2015-10-26,1640,1640,1525,1555,169674.0
2015-10-27,1565,1570,1500,1570,130997.0
2015-10-28,1590,1600,1515,1550,138874.0
2015-10-29,1590,1590,1490,1520,215093.0
2015-10-30,1550,1550,1410,1475,151228.0
2015-11-02,1440,1485,1385,1440,196860.0
2015-11-03,1440,1870,1440,1870,4649826.0
2015-11-04,1875,2300,1690,1870,7135450.0
2015-11-05,1920,2070,1905,1990,2089365.0
2015-11-06,1990,2040,1800,1950,973004.0
2015-11-09,1995,2480,1940,2300,5172068.0
2015-11-10,2200,2840,2180,2365,4601131.0
2015-11-11,0,0,0,2365,0.0
2015-11-12,2490,2490,2310,2465,857704.0
2015-11-13,2450,2450,2340,2375,655319.0
2015-11-16,2310,2765,2305,2765,688428.0
2015-11-17,2765,2765,2500,2500,1640487.0
2015-11-18,2600,2690,2440,2500,627488.0
2015-11-19,2475,2900,2360,2645,1089361.0
2015-11-20,2650,2665,2530,2660,321033.0
2015-11-23,2670,2700,2520,2590,269456.0
2015-11-24,2580,2580,2200,2320,1209720.0
2015-11-25,2390,2400,2290,2320,631132.0
2015-11-26,2320,2320,2160,2200,642301.0
2015-11-27,2200,2390,2020,2230,1464764.0
2015-11-30,2230,2235,2075,2090,402824.0
2015-12-01,2070,2165,2055,2115,286466.0
2015-12-02,2280,2280,1790,1850,1067106.0
2015-12-03,1945,2035,1850,1865,1075479.0
2015-12-04,1895,1980,1830,1910,355600.0
2015-12-07,1935,1935,1800,1860,417526.0
2015-12-08,1875,2060,1850,1850,1084397.0
2015-12-09,1860,1950,1810,1840,297508.0
2015-12-10,1825,1840,1670,1795,353429.0
2015-12-11,1795,1835,1740,1790,217563.0
2015-12-14,1800,1860,1760,1795,184436.0
2015-12-15,1800,1850,1685,1700,310269.0
2015-12-16,1710,1770,1710,1760,175587.0
2015-12-17,1785,1785,1710,1730,189964.0
2015-12-18,1750,1810,1710,1775,304144.0
2015-12-21,1775,1815,1735,1745,196778.0
2015-12-22,1775,1775,1700,1700,277410.0
2015-12-23,1720,1720,1630,1635,212706.0
2015-12-24,1635,1635,1525,1530,535123.0
2015-12-28,1530,1585,1520,1555,188356.0
2015-12-29,1545,1630,1530,1580,230893.0
2015-12-30,1580,1605,1545,1570,179220.0
2016-01-04,1590,1595,1500,1540,190064.0
2016-01-05,1520,1575,1495,1575,262816.0
2016-01-06,1580,1590,1505,1540,295246.0
2016-01-07,1515,1550,1460,1460,251688.0
2016-01-08,1460,1510,1415,1490,163216.0
2016-01-11,1480,1535,1470,1495,152248.0
2016-01-12,1480,1515,1455,1475,61106.0
2016-01-13,1480,1915,1475,1915,2428031.0
2016-01-14,1850,2445,1835,2120,8324867.0
2016-01-15,2095,2285,2015,2065,2341321.0
2016-01-18,2010,2170,1935,2070,966441.0
2016-01-19,2140,2140,1905,1960,466982.0
2016-01-20,1930,1960,1715,1725,898225.0
2016-01-21,1750,1945,1645,1800,1397828.0
2016-01-22,1850,1915,1780,1855,433696.0
2016-01-25,1900,1950,1785,1865,348892.0
2016-01-26,1890,1920,1765,1765,342080.0
2016-01-27,1790,1895,1720,1815,292143.0
2016-01-28,1820,1905,1805,1885,365406.0
2016-01-29,1885,1915,1785,1800,263907.0
2016-02-01,1800,1810,1685,1685,256307.0
2016-02-02,1685,1695,1615,1665,239571.0
2016-02-03,1660,1685,1615,1675,86664.0
2016-02-04,1680,1750,1670,1700,107463.0
2016-02-05,1700,2080,1685,1845,1323538.0
2016-02-11,1810,1845,1740,1770,309705.0
2016-02-12,1715,1765,1555,1600,281128.0
2016-02-15,1545,1750,1545,1750,193393.0
2016-02-16,1785,1855,1705,1800,205769.0
2016-02-17,1830,1830,1720,1750,121530.0
2016-02-18,1760,1820,1695,1800,133203.0
2016-02-19,1800,1800,1700,1730,109779.0
2016-02-22,1720,1990,1705,1815,546773.0
2016-02-23,1750,1800,1700,1740,314007.0
2016-02-24,1715,1780,1715,1735,137287.0
2016-02-25,1730,1810,1705,1730,210074.0
2016-02-26,1730,1765,1710,1765,150685.0
2016-02-29,1765,1785,1725,1735,182539.0
2016-03-02,1745,1745,1680,1700,214452.0
2016-03-03,1700,1715,1590,1640,305901.0
2016-03-04,1635,1720,1630,1710,186461.0
2016-03-07,1715,1720,1665,1685,109619.0
2016-03-08,1685,1695,1650,1680,105520.0
2016-03-09,1675,1710,1650,1680,101391.0
2016-03-10,1675,1685,1605,1655,178512.0
2016-03-11,1655,1660,1550,1600,286338.0
2016-03-14,1605,1615,1550,1570,160563.0
2016-03-15,1560,1590,1500,1575,192391.0
2016-03-16,1580,1585,1555,1560,156951.0
2016-03-17,1555,1570,1515,1560,134046.0
2016-03-18,1560,1580,1540,1565,129855.0
2016-03-21,1565,1570,1525,1550,213932.0
2016-03-22,1535,1550,1490,1515,240484.0
2016-03-23,1500,1520,1480,1520,97468.0
2016-03-24,1510,1520,1480,1485,120808.0
2016-03-25,1485,1515,1480,1510,122035.0
2016-03-28,1500,1585,1500,1520,231778.0
2016-03-29,1520,1565,1515,1540,121620.0
2016-03-30,1540,1615,1530,1615,162103.0
2016-03-31,1595,1615,1535,1560,295141.0
2016-04-01,1560,1575,1540,1560,76478.0
2016-04-04,1590,1590,1520,1555,133834.0
2016-04-05,1550,1565,1530,1555,73051.0
2016-04-06,1555,1560,1530,1560,86361.0
2016-04-07,1555,1630,1535,1610,280167.0
2016-04-08,1610,1610,1580,1605,147229.0
2016-04-11,1605,1615,1560,1600,107655.0
2016-04-12,1605,1605,1575,1600,64532.0
2016-04-14,1600,1605,1520,1580,201872.0
2016-04-15,1580,1590,1530,1575,101421.0
2016-04-18,1565,1565,1500,1555,299624.0
2016-04-19,1515,1550,1500,1545,87691.0
2016-04-20,1530,1555,1525,1555,89627.0
2016-04-21,1535,1555,1510,1535,248824.0
2016-04-22,1515,1535,1500,1515,296605.0
2016-04-25,1505,1540,1505,1530,110569.0
2016-04-26,1565,1565,1495,1525,175038.0
2016-04-27,1510,1535,1480,1520,153742.0
2016-04-28,1505,1520,1490,1515,75267.0
2016-04-29,1505,1550,1480,1550,126498.0
2016-05-02,1550,1640,1550,1580,378859.0
2016-05-03,1610,1610,1530,1545,137907.0
2016-05-04,1525,1565,1500,1550,126570.0
2016-05-09,1580,1735,1540,1690,1039983.0
2016-05-10,1690,1690,1595,1625,399973.0
2016-05-11,1645,1670,1590,1625,362995.0
2016-05-12,1635,1830,1615,1700,2038949.0
2016-05-13,1705,1730,1660,1730,296281.0
2016-05-16,1740,1740,1675,1700,327771.0
2016-05-17,1730,1900,1670,1710,1295130.0
2016-05-18,1675,1855,1650,1795,791512.0
2016-05-19,1795,1900,1725,1850,605397.0
2016-05-20,1875,1985,1810,1985,774229.0
2016-05-23,2000,2180,1945,2100,1355228.0
2016-05-24,2105,2200,2010,2160,917424.0
2016-05-25,2160,2200,2005,2050,535985.0
2016-05-26,1990,2070,1910,2035,595450.0
2016-05-27,1995,2400,1995,2245,1866052.0
2016-05-30,2260,2330,2165,2185,591578.0
2016-05-31,2225,2225,2065,2110,337051.0
2016-06-01,2110,2265,2070,2210,417836.0
2016-06-02,2200,2800,2175,2570,2645140.0
2016-06-03,2700,3000,2575,2815,2764501.0
2016-06-07,2875,2980,2815,2845,1191959.0
2016-06-08,2800,2980,2670,2890,955713.0
2016-06-09,3075,3155,2895,2945,1235614.0
2016-06-10,2895,3005,2800,2810,413971.0
2016-06-13,2810,2990,2725,2875,652166.0
2016-06-14,2970,3600,2970,3545,5075281.0
2016-06-15,3500,4190,3495,3600,3076895.0
2016-06-16,3590,3590,2995,3090,2395710.0
2016-06-17,3010,3165,2920,2975,998592.0
2016-06-20,3080,3080,2750,2870,1170589.0
2016-06-21,2885,2940,2695,2705,988132.0
2016-06-22,2680,2840,2625,2780,865370.0
2016-06-23,2740,2750,2385,2470,1110445.0
2016-06-24,2500,2560,2230,2410,1296091.0
2016-06-27,2215,2425,2180,2405,417297.0
2016-06-28,2405,2470,2280,2350,412792.0
2016-06-29,2390,2815,2370,2725,2003407.0
2016-06-30,2780,2780,2540,2595,1221820.0
2016-07-01,2595,2665,2500,2645,604208.0
2016-07-04,2620,2685,2540,2630,434675.0
2016-07-05,2575,2680,2410,2610,634595.0
2016-07-06,2585,2650,2515,2645,453422.0
2016-07-07,2665,2990,2655,2785,2042608.0
2016-07-08,2825,2925,2695,2905,911610.0
2016-07-11,2905,3375,2905,3250,2163897.0
2016-07-12,3255,3400,2930,2995,2016377.0
2016-07-13,3020,3020,2805,2830,968771.0
2016-07-14,2860,3020,2650,2870,1135226.0
2016-07-15,2820,3080,2750,2775,1368304.0
2016-07-18,2785,3020,2785,3010,715711.0
2016-07-19,3020,3020,2880,2935,712747.0
2016-07-20,2950,2975,2795,2830,573143.0
2016-07-21,2830,2850,2710,2730,304946.0
2016-07-22,2680,2780,2595,2650,565051.0
2016-07-25,2660,2745,2595,2615,197239.0
2016-07-26,2670,2670,2560,2560,215722.0
2016-07-27,2560,2650,2540,2545,196365.0
2016-07-28,2555,2910,2555,2840,1633691.0
2016-07-29,2880,2975,2800,2905,707256.0
2016-08-01,2910,2985,2825,2900,332874.0
2016-08-02,2840,2960,2840,2900,222706.0
2016-08-03,2900,2905,2795,2900,210139.0
2016-08-04,2920,3100,2850,3090,719507.0
2016-08-05,3210,3290,3080,3085,805371.0
2016-08-08,3050,3245,3015,3195,561792.0
2016-08-09,3195,3375,3180,3220,746680.0
2016-08-10,3155,3295,3090,3260,410089.0
2016-08-11,3275,3400,3220,3330,794475.0
2016-08-12,3385,3390,3290,3340,328258.0
2016-08-16,3335,3335,2890,2945,972147.0
2016-08-17,2920,2940,2630,2630,989738.0
2016-08-18,2675,2780,2630,2720,495371.0
2016-08-19,2675,2840,2675,2770,165896.0
2016-08-22,2770,2790,2650,2690,190204.0
2016-08-23,2665,2730,2600,2605,181216.0
2016-08-24,2625,2725,2530,2590,195219.0
2016-08-25,2570,2650,2535,2615,157415.0
2016-08-26,2595,2705,2550,2595,277606.0
2016-08-29,2585,2650,2535,2535,159154.0
2016-08-30,2535,2595,2380,2445,225524.0
2016-08-31,2445,2690,2385,2560,452356.0
2016-09-01,2610,2800,2515,2740,362906.0
2016-09-02,2795,2835,2650,2680,245790.0
2016-09-05,2675,2720,2520,2575,258885.0
2016-09-06,2600,2615,2500,2570,148401.0
2016-09-07,2580,2610,2535,2565,119901.0
2016-09-08,2540,2620,2480,2500,152087.0
2016-09-09,2455,2530,2440,2470,73857.0
2016-09-12,2480,2500,2300,2350,88538.0
2016-09-13,2350,2475,2340,2475,153300.0
2016-09-19,2555,2555,2345,2375,214621.0
2016-09-20,2325,2470,2310,2410,116239.0
2016-09-21,2420,2500,2335,2350,121004.0
2016-09-22,2345,2400,2310,2325,110805.0
2016-09-23,2320,2485,2320,2415,293828.0
2016-09-26,2430,2445,2255,2305,337246.0
2016-09-27,2320,2390,2290,2295,319214.0
2016-09-28,2210,2745,2190,2445,741598.0
2016-09-29,2390,2550,2390,2495,201576.0
2016-09-30,2500,2545,2405,2440,120252.0
2016-10-04,2430,2535,2390,2465,153337.0
2016-10-05,2480,2545,2440,2470,56306.0
2016-10-06,2455,2915,2455,2825,1213541.0
2016-10-07,2780,2920,2755,2810,560216.0
2016-10-10,2810,2950,2725,2855,252221.0
2016-10-11,2870,2900,2775,2800,126207.0
2016-10-12,2800,2830,2655,2745,132429.0
2016-10-13,2775,2810,2730,2755,120722.0
2016-10-14,2755,2780,2670,2710,85696.0
2016-10-17,2860,2860,2660,2660,99330.0
2016-10-18,2610,2820,2570,2800,239120.0
2016-10-19,2770,2820,2660,2750,200506.0
2016-10-20,2680,2790,2680,2780,109760.0
2016-10-21,2750,2810,2705,2710,155839.0
2016-10-24,2705,2755,2650,2745,242308.0
2016-10-25,2785,3060,2765,2950,1688596.0
2016-10-26,2950,3095,2830,2900,408253.0
2016-10-27,2900,3100,2865,3070,631573.0
2016-10-28,3150,3240,3010,3170,911140.0
2016-10-31,3200,3285,3085,3200,486238.0
2016-11-01,3110,3225,2800,2980,719199.0
2016-11-02,3000,3000,2645,2740,391414.0
2016-11-03,2715,2795,2630,2745,171548.0
2016-11-04,2745,3000,2710,3000,290029.0
2016-11-07,2990,3105,2915,3005,206055.0
2016-11-08,3010,3045,2925,3010,162817.0
2016-11-09,3055,3055,2570,2885,396979.0
2016-11-10,2940,3075,2880,3040,336871.0
2016-11-11,3100,3215,3005,3205,364225.0
2016-11-14,3205,3405,3205,3300,559948.0
2016-11-15,3200,3290,3095,3200,311174.0
2016-11-16,3210,3400,3180,3295,252157.0
2016-11-17,3295,3395,3180,3395,121221.0
2016-11-18,3405,3410,3290,3410,176769.0
2016-11-21,3400,3400,2725,2810,1717986.0
2016-11-22,2795,2800,2605,2730,657946.0
2016-11-23,2695,2715,2345,2570,652449.0
2016-11-24,2565,2695,2410,2650,316461.0
2016-11-25,2650,2650,2515,2580,161300.0
2016-11-28,2580,2580,2360,2445,251744.0
2016-11-29,2385,2620,2375,2620,332545.0
2016-11-30,2670,2670,2560,2660,123930.0
2016-12-01,2690,2785,2575,2785,335601.0
2016-12-02,2740,2825,2740,2745,71731.0
2016-12-05,2750,2805,2595,2780,128464.0
2016-12-06,2725,2790,2710,2790,140521.0
2016-12-07,2790,2795,2580,2585,198666.0
2016-12-08,2585,2790,2485,2740,181302.0
2016-12-09,2675,2735,2570,2570,126912.0
2016-12-12,2630,2735,2550,2700,226674.0
2016-12-13,2665,2900,2645,2735,251495.0
2016-12-14,2700,2780,2550,2780,407757.0
2016-12-15,2750,2750,2610,2740,157492.0
2016-12-16,2685,2875,2500,2770,499452.0
2016-12-19,2735,2790,2600,2780,452819.0
2016-12-20,2770,2780,2690,2730,87951.0
2016-12-21,2775,2775,2575,2730,373159.0
2016-12-22,2725,2770,2635,2770,202729.0
2016-12-23,2760,2760,2665,2745,116988.0
2016-12-26,2750,2750,2655,2710,157336.0
2016-12-27,2690,2690,1940,2045,3467040.0
2016-12-28,2100,2135,2000,2005,942230.0
2016-12-29,2035,2145,1990,2050,261981.0
2017-01-02,2090,2185,2060,2125,206273.0
2017-01-03,2195,2195,2090,2125,93560.0
2017-01-04,2105,2145,2070,2135,130258.0
2017-01-05,2135,2230,2125,2140,172793.0
2017-01-06,2140,2170,2105,2140,113689.0
2017-01-09,2125,2155,2075,2085,161416.0
2017-01-10,2085,2130,2055,2100,150028.0
2017-01-11,2100,2100,2020,2020,200844.0
2017-01-12,2020,2070,2000,2015,85975.0
2017-01-13,2025,2030,1950,1970,374021.0
2017-01-16,1960,2010,1915,1990,189840.0
2017-01-17,1990,2145,1990,2050,304231.0
2017-01-18,2070,2075,1985,2050,161966.0
2017-01-19,2075,2115,2005,2060,200773.0
2017-01-20,2100,2120,2045,2100,144877.0
2017-01-23,2125,2125,2020,2020,76874.0
2017-01-24,1955,2050,1955,2025,171614.0
2017-01-25,2005,2035,1955,1965,88979.0
2017-01-26,1970,2030,1955,1960,51814.0
2017-01-31,1960,2025,1955,1965,64447.0
2017-02-01,1970,1995,1960,1980,48515.0
2017-02-02,2000,2015,1950,1995,98551.0
2017-02-03,1995,2005,1965,1995,98441.0
2017-02-06,1980,2090,1975,2015,200201.0
2017-02-07,2100,2205,2060,2135,748168.0
2017-02-08,2110,2160,2080,2135,96394.0
2017-02-09,2120,2190,2120,2145,176555.0
2017-02-10,2155,2265,2150,2210,347706.0
2017-02-13,2210,2220,2130,2170,53480.0
2017-02-14,2170,2170,2010,2095,86990.0
2017-02-15,2075,2120,2000,2030,179208.0
2017-02-16,2080,2080,1980,2010,105413.0
2017-02-17,2035,2035,1980,2000,55926.0
2017-02-20,2020,2020,1945,2010,90916.0
2017-02-21,1990,1995,1960,1960,91214.0
2017-02-22,1985,2005,1955,1985,86209.0
2017-02-23,1985,2000,1905,1970,111497.0
2017-02-24,1920,1960,1850,1850,168928.0
2017-02-27,1900,1900,1730,1770,208393.0
2017-02-28,1770,1785,1685,1730,212182.0
2017-03-02,1810,1850,1705,1770,154342.0
2017-03-03,1770,1825,1740,1760,152787.0
2017-03-06,1820,1820,1720,1780,42535.0
2017-03-07,1780,2090,1780,2055,709607.0
2017-03-08,1990,2125,1985,2060,273219.0
2017-03-09,2025,2080,2025,2070,111690.0
2017-03-10,2065,2095,1965,2010,122416.0
2017-03-13,2030,2380,2030,2260,1584764.0
2017-03-14,2265,2495,2265,2485,692409.0
2017-03-15,2515,2540,2270,2495,382185.0
2017-03-16,2450,2675,2275,2410,776014.0
2017-03-17,2470,2480,2275,2305,182393.0
2017-03-20,2400,2400,2080,2150,290991.0
2017-03-21,2185,2210,2060,2170,100799.0
2017-03-22,2170,2220,2100,2125,113537.0
2017-03-23,2090,2165,2050,2050,77852.0
2017-03-24,1995,2080,1900,1910,186053.0
2017-03-27,1930,2275,1930,2220,519471.0
2017-03-28,2160,2250,2060,2060,268096.0
2017-03-29,2100,2100,2025,2045,104772.0
2017-03-30,2095,2095,1995,2030,92296.0
2017-03-31,2070,2070,1995,2035,89807.0
2017-04-03,2020,2020,1950,2005,119855.0
2017-04-04,2010,2025,1950,1995,76922.0
2017-04-05,1985,2025,1945,2000,118509.0
2017-04-06,1955,1995,1920,1980,77624.0
2017-04-07,1950,2320,1930,2065,407194.0
2017-04-10,2115,2200,2055,2055,107885.0
2017-04-11,2005,2245,1985,2100,419459.0
2017-04-12,2160,2170,2015,2120,112389.0
2017-04-13,2125,2280,2105,2260,300130.0
2017-04-14,2260,2290,2180,2190,128865.0
2017-04-17,2275,2275,2125,2185,70983.0
2017-04-18,2180,2335,2180,2255,203358.0
2017-04-19,2295,2295,2100,2195,211663.0
2017-04-20,2160,2175,2050,2120,93799.0
2017-04-21,2080,2160,1970,2150,381691.0
2017-04-24,2115,2160,2035,2100,79335.0
2017-04-25,2120,2130,2025,2045,67808.0
2017-04-26,2095,2095,2025,2040,107760.0
2017-04-27,2090,2090,2010,2010,62653.0
2017-04-28,2050,2050,1935,1960,192090.0
2017-05-02,2010,2010,1925,1955,69065.0
2017-05-04,1955,2050,1950,1975,48138.0
2017-05-08,1960,2060,1945,1990,73264.0
2017-05-10,1990,2300,1990,2220,892298.0
2017-05-11,2235,2335,2015,2120,696093.0
2017-05-12,2195,2195,2075,2090,97036.0
2017-05-15,2090,2140,2080,2080,52184.0
2017-05-16,2100,2155,2060,2125,75355.0
2017-05-17,2130,2180,2100,2160,76788.0
2017-05-18,2075,2170,2000,2110,110427.0
2017-05-19,2110,2135,2060,2125,96147.0
2017-05-22,2105,2225,2100,2155,118161.0
2017-05-23,2155,2205,2090,2135,92938.0
2017-05-24,2135,2180,2065,2170,162920.0
2017-05-25,2400,2560,2200,2265,861553.0
2017-05-26,2280,2400,2280,2395,331303.0
2017-05-29,2505,3080,2485,2800,5726554.0
2017-05-30,2545,2600,2400,2430,2111615.0
2017-05-31,2515,2600,2440,2510,1383903.0
2017-06-01,2475,2550,2380,2440,421676.0
2017-06-02,2475,2620,2435,2525,665408.0
2017-06-05,2525,2675,2490,2625,410539.0
2017-06-07,2625,2740,2625,2740,482415.0
2017-06-08,2750,2810,2660,2795,246023.0
2017-06-09,2730,2835,2730,2730,191215.0
2017-06-12,2700,2700,2570,2610,432966.0
2017-06-13,2610,2690,2600,2650,213275.0
2017-06-14,2630,2670,2545,2560,149934.0
2017-06-15,2620,2700,2560,2655,162778.0
2017-06-16,2720,2745,2585,2595,167140.0
2017-06-19,2635,2650,2580,2640,119906.0
2017-06-20,2635,2635,2555,2630,119905.0
2017-06-21,2625,2660,2580,2660,76638.0
2017-06-22,2700,2965,2670,2800,560948.0
2017-06-23,2800,2965,2755,2790,644893.0
2017-06-26,2980,2980,2790,2885,343074.0
2017-06-27,2945,2990,2880,2900,291894.0
2017-06-28,2880,2945,2825,2830,229612.0
2017-06-29,2835,2935,2750,2820,161700.0
2017-06-30,2820,2850,2760,2845,101315.0
2017-07-03,2845,2925,2780,2850,157148.0
2017-07-04,2810,2900,2810,2870,71327.0
2017-07-05,2820,2975,2820,2960,157787.0
2017-07-06,2965,3200,2965,3085,526194.0
2017-07-07,3035,3155,3015,3090,171592.0
2017-07-10,3085,3085,2945,2950,113538.0
2017-07-11,2955,3200,2945,3025,144924.0
2017-07-12,3065,3125,3030,3115,204000.0
2017-07-13,3070,3165,3070,3155,141581.0
2017-07-14,3155,3200,3125,3170,103071.0
2017-07-17,3170,3200,3090,3115,147145.0
2017-07-18,3090,3195,3090,3195,174086.0
2017-07-19,3250,3345,3115,3170,340964.0
2017-07-20,3170,3350,3005,3220,173966.0
2017-07-21,3220,3240,3120,3165,63662.0
2017-07-24,3135,3170,3070,3075,121425.0
2017-07-25,3065,3145,2930,3035,195883.0
2017-07-26,3065,3165,3040,3130,196760.0
2017-07-27,3130,3180,3100,3175,121504.0
2017-07-28,3200,3620,3125,3340,837588.0
2017-07-31,3550,4045,3550,3950,1757573.0
2017-08-01,4025,4065,3550,3560,1263390.0
2017-08-02,3565,3710,3500,3590,293120.0
2017-08-03,3530,3630,3300,3495,299475.0
2017-08-04,3515,3515,3300,3410,193730.0
2017-08-07,3410,3410,3045,3155,487139.0
2017-08-08,3195,3225,3030,3100,228182.0
2017-08-09,3110,3255,3050,3070,104716.0
2017-08-10,3160,3160,2965,2995,126912.0
2017-08-11,3030,3145,2800,3055,342771.0
2017-08-14,3100,3315,3045,3235,184343.0
2017-08-16,3255,3410,3245,3410,174496.0
2017-08-17,3410,3835,3360,3705,370216.0
2017-08-18,3720,3795,3610,3700,222316.0
2017-08-21,3700,3985,3700,3800,268633.0
2017-08-22,3780,3985,3750,3945,231007.0
2017-08-23,3995,4000,3740,3750,214323.0
2017-08-24,3535,3630,3090,3090,2031586.0
2017-08-25,3190,3190,2890,3050,1103161.0
2017-08-28,3015,3095,2975,3030,252234.0
2017-08-29,3080,3260,3000,3080,577404.0
2017-08-30,3080,3250,3080,3165,210403.0
2017-08-31,3220,3270,3095,3220,279492.0
2017-09-01,3220,3315,3220,3315,214315.0
2017-09-04,3150,3270,3055,3130,178928.0
2017-09-05,3290,3290,3000,3090,157734.0
2017-09-06,3140,3190,3060,3170,94373.0
2017-09-07,3200,3200,3145,3200,52986.0
2017-09-08,3250,3250,3150,3150,82436.0
2017-09-11,3150,3360,3150,3265,144609.0
2017-09-12,3255,3325,3220,3225,55433.0
2017-09-13,3250,3330,3215,3235,92502.0
2017-09-14,3300,3350,3205,3330,88577.0
2017-09-15,3330,3365,3150,3350,132913.0
2017-09-18,3400,3440,3235,3270,215026.0
2017-09-19,3300,3435,3200,3270,145771.0
2017-09-20,3300,3320,3200,3240,77838.0
2017-09-21,3035,3190,2270,2270,3432520.0
2017-09-22,2065,2250,1920,2150,2107441.0
2017-09-25,2160,2175,1920,2025,676803.0
2017-09-26,2000,2065,1975,1995,177990.0
2017-09-27,2005,2035,1930,2000,216793.0
2017-09-28,2040,2085,1980,2005,109000.0
2017-09-29,2025,2060,1985,2040,187131.0
2017-10-10,2130,2350,2070,2200,701676.0
2017-10-11,2200,2255,2110,2230,203589.0
2017-10-12,2275,2375,2275,2285,238294.0
2017-10-13,2255,2350,2245,2250,98235.0
2017-10-16,2200,2335,2200,2240,98234.0
2017-10-17,2240,2300,2145,2175,171414.0
2017-10-18,2175,2270,2130,2200,116430.0
2017-10-19,2200,2415,2120,2355,471226.0
2017-10-20,2470,2770,2375,2565,1303146.0
2017-10-23,2590,2625,2450,2500,239034.0
2017-10-24,2520,2600,2470,2485,80338.0
2017-10-25,2470,2505,2350,2505,242864.0
2017-10-26,2560,2560,2370,2450,272476.0
2017-10-27,2450,2490,2400,2470,245997.0
2017-10-30,2520,2520,2450,2490,181930.0
2017-10-31,2490,2620,2490,2545,256284.0
2017-11-01,2525,2665,2525,2630,167486.0
2017-11-02,2635,2710,2630,2650,146064.0
2017-11-03,2690,2690,2600,2620,105950.0
2017-11-06,2620,2690,2505,2620,69898.0
2017-11-07,2620,2690,2595,2650,138961.0
2017-11-08,2650,2685,2600,2640,121613.0
2017-11-09,2615,2700,2615,2640,101746.0
2017-11-10,2640,2700,2580,2660,179475.0
2017-11-13,2695,2715,2625,2700,95729.0
2017-11-14,2645,2780,2645,2760,110279.0
2017-11-15,2795,2975,2760,2780,187423.0
2017-11-16,2780,2815,2725,2810,150936.0
2017-11-17,2820,2980,2760,2900,134381.0
2017-11-20,3090,3120,2950,3010,275699.0
2017-11-21,3015,3020,2830,2875,197780.0
2017-11-22,2900,2900,2695,2760,214056.0
2017-11-23,2725,2955,2725,2830,104770.0
2017-11-24,2885,2925,2795,2810,149825.0
2017-11-27,2810,2890,2780,2810,112427.0
2017-11-28,2850,2850,2600,2730,96984.0
2017-11-29,2700,2750,2600,2640,107768.0
2017-11-30,2650,2755,2650,2705,63119.0
2017-12-01,2780,2780,2630,2645,51225.0
2017-12-04,2760,2785,2500,2705,137577.0
2017-12-05,2705,2745,2655,2695,92805.0
2017-12-06,2695,2725,2585,2670,193130.0
2017-12-07,2660,2660,2530,2580,166320.0
2017-12-08,2605,2665,2500,2600,129653.0
2017-12-11,2600,2630,2530,2585,203507.0
2017-12-12,2610,2620,2425,2605,176927.0
2017-12-13,2560,2720,2560,2660,163534.0
2017-12-14,2675,3030,2675,2880,734582.0
2017-12-15,2880,2880,2745,2790,256906.0
2017-12-18,2780,2780,2560,2585,273309.0
2017-12-19,2625,2720,2570,2690,228138.0
2017-12-20,2700,2760,2555,2620,156459.0
2017-12-21,2620,2695,2545,2600,187704.0
2017-12-22,2600,2650,2520,2565,90602.0
2017-12-26,2505,2655,2425,2480,150218.0
2017-12-27,2480,2660,2480,2620,101348.0
2017-12-28,2680,2740,2515,2660,104813.0
2018-01-02,2700,2700,2605,2650,63975.0
2018-01-03,2720,2720,2600,2655,44813.0
2018-01-04,2695,2695,2585,2640,69059.0
2018-01-05,2640,2665,2615,2645,65020.0
2018-01-08,2645,2745,2645,2680,79417.0
2018-01-09,2680,2900,2645,2800,234663.0
2018-01-10,2880,2880,2720,2750,160915.0
2018-01-11,2750,2765,2600,2665,140776.0
2018-01-12,2670,2835,2665,2715,127156.0
2018-01-15,2640,2665,2560,2635,145283.0
2018-01-16,2640,2660,2565,2600,121236.0
2018-01-17,2555,2605,2385,2480,366045.0
2018-01-18,2480,2540,2395,2470,188170.0
2018-01-19,2470,2500,2450,2475,104194.0
2018-01-22,2475,2475,2240,2450,231690.0
2018-01-23,2450,2510,2340,2455,122371.0
2018-01-24,2455,2485,2415,2460,69607.0
2018-01-25,2480,2490,2410,2465,73887.0
2018-01-26,2490,2490,2390,2440,192716.0
2018-01-29,2440,2475,2380,2420,112464.0
2018-01-30,2420,2440,2385,2410,130888.0
2018-01-31,2410,2435,2305,2410,132871.0
2018-02-01,2435,2450,2365,2410,159126.0
2018-02-02,2450,2650,2400,2600,408770.0
2018-02-05,2600,2685,2470,2610,242195.0
2018-02-06,2520,2615,2500,2600,112703.0
2018-02-07,2650,2650,2440,2525,201274.0
2018-02-08,2525,2590,2435,2540,157997.0
2018-02-09,2515,2575,2450,2575,99842.0
2018-02-12,2575,2595,2505,2550,37391.0
2018-02-13,2575,2595,2460,2555,53930.0
2018-02-14,2575,2575,2470,2550,37641.0
2018-02-19,2570,2570,2480,2540,54415.0
2018-02-20,2495,2550,2470,2500,57590.0
2018-02-21,2500,2500,2395,2485,107660.0
2018-02-22,2505,2505,2405,2490,51425.0
2018-02-23,2455,2510,2435,2490,113467.0
2018-02-26,2460,2650,2460,2480,107526.0
2018-02-27,2480,2515,2420,2475,87554.0
2018-02-28,2475,2520,2400,2500,111500.0
2018-03-02,2500,2500,2425,2475,136265.0
2018-03-05,2430,2495,2430,2465,34369.0
2018-03-06,2470,3155,2470,2975,2468829.0
2018-03-07,2990,3215,2855,3035,884505.0
2018-03-08,2945,3150,2820,3140,855090.0
2018-03-09,3175,3250,3015,3015,613584.0
2018-03-12,3050,3060,2810,2890,489517.0
2018-03-13,2895,2950,2750,2900,643149.0
2018-03-14,2870,2890,2700,2810,629187.0
2018-03-15,2765,2855,2740,2835,392613.0
2018-03-16,2835,3180,2835,3025,1733322.0
2018-03-19,3070,3320,3050,3100,829814.0
2018-03-20,3085,3300,2970,3280,984496.0
2018-03-21,3270,3285,3000,3230,536670.0
2018-03-22,3220,3300,3050,3150,508415.0
2018-03-23,3060,3195,3010,3105,317563.0
2018-03-26,3115,3180,3010,3065,405793.0
2018-03-27,3190,3190,2920,3000,430577.0
2018-03-28,3010,3035,2795,2795,449084.0
2018-03-29,2790,2910,2710,2910,258296.0
2018-03-30,2910,3015,2835,2965,299513.0
2018-04-02,3050,3250,3010,3245,1099355.0
2018-04-03,3220,3340,3130,3205,373884.0
2018-04-04,3180,3180,3080,3125,202386.0
2018-04-05,3115,3190,2965,3015,326459.0
2018-04-06,3015,3205,3015,3100,260568.0
2018-04-09,3195,3195,2835,2900,846183.0
2018-04-10,2935,2935,2750,2810,533157.0
2018-04-11,2855,2930,2795,2880,347014.0
2018-04-12,2970,3230,2895,3060,743329.0
2018-04-13,3060,3135,2965,3120,410186.0
2018-04-16,3155,3160,3000,3115,270971.0
2018-04-17,3115,3695,3050,3530,2459128.0
2018-04-18,3530,3560,3300,3330,1400975.0
2018-04-19,3310,3470,3150,3470,1053917.0
2018-04-20,3510,3525,2735,2760,5117982.0
2018-04-23,2760,2760,2530,2595,2120553.0
2018-04-24,2615,2680,2545,2615,573076.0
2018-04-25,2620,2620,2500,2515,545765.0
2018-04-26,2515,2615,2495,2525,299112.0
2018-04-27,2530,2570,2460,2480,376599.0
2018-04-30,2460,2495,2350,2475,294066.0
2018-05-02,2525,2555,2455,2550,278196.0
2018-05-03,2570,2585,2470,2475,215091.0
2018-05-04,2480,2505,2315,2400,523290.0
2018-05-08,2400,2400,2315,2335,278029.0
2018-05-09,2340,2360,2260,2325,201142.0
2018-05-10,2345,2600,2245,2600,445075.0
2018-05-11,2570,2670,2495,2580,442101.0
2018-05-14,2570,2570,2435,2500,201310.0
2018-05-15,2500,2560,2350,2420,259684.0
2018-05-16,2420,2455,2315,2400,117996.0
2018-05-17,2395,2445,2305,2400,167482.0
2018-05-18,2370,2415,2305,2390,146602.0
2018-05-21,2390,2490,2345,2410,247816.0
2018-05-23,2415,2460,2350,2350,321987.0
2018-05-24,2360,2380,2310,2380,269191.0
2018-05-25,2340,2395,2210,2390,313731.0
2018-05-28,2400,2500,2380,2440,303692.0
2018-05-29,2460,2530,2430,2470,193063.0
2018-05-30,2520,2540,2430,2450,199372.0
2018-05-31,2485,2580,2420,2570,270717.0
2018-06-01,2550,2555,2400,2450,338415.0
2018-06-04,2425,2580,2370,2515,421864.0
2018-06-05,2555,2570,2490,2550,167105.0
2018-06-07,2565,2565,2490,2540,134974.0
2018-06-08,2525,2560,2490,2525,159923.0
2018-06-11,2535,3280,2535,3280,6530820.0
2018-06-12,4000,4100,3590,3700,6788557.0
2018-06-14,3750,3825,3380,3745,1871001.0
2018-06-15,3700,3950,3410,3580,2350028.0
2018-06-18,3610,4650,3435,3970,6380575.0
2018-06-19,3980,4090,3265,3435,3535683.0
2018-06-20,3485,3665,3335,3435,1055272.0
2018-06-21,3315,3350,2455,2550,5855111.0
2018-06-22,2505,2740,2415,2535,2610156.0
2018-06-25,2500,2650,2500,2545,979963.0
2018-06-26,2545,2560,2385,2470,649825.0
2018-06-27,2470,2550,2380,2390,477920.0
2018-06-28,2350,2480,2340,2430,413782.0
2018-06-29,2410,2430,2320,2400,360999.0
2018-07-02,2395,2685,2300,2480,1654266.0
2018-07-03,2480,2480,2340,2420,635031.0
2018-07-04,2410,2490,2375,2420,348113.0
2018-07-05,2425,2465,2330,2355,333213.0
2018-07-06,2345,2375,2250,2330,367049.0
2018-07-09,2370,2370,2260,2355,213208.0
2018-07-10,2350,2400,2315,2335,230276.0
2018-07-11,2335,2435,2315,2380,198570.0
2018-07-12,2380,2525,2370,2420,268653.0
2018-07-13,2480,2495,2405,2460,339518.0
2018-07-16,2490,2625,2460,2575,385264.0
2018-07-17,2595,2900,2550,2800,2011552.0
2018-07-18,2790,3065,2785,2870,1370213.0
2018-07-19,2870,3275,2775,3165,2058610.0
2018-07-20,3110,3410,2600,2805,1781302.0
2018-07-23,2815,2830,2615,2630,501752.0
2018-07-24,2675,2845,2580,2720,457937.0
2018-07-25,2720,2785,2630,2630,406732.0
2018-07-26,2630,2990,2610,2960,531748.0
2018-07-27,2960,3200,2955,3150,551907.0
2018-07-30,3070,3120,2985,3075,347202.0
2018-07-31,3000,3070,2855,2980,375186.0
2018-08-01,2980,3030,2940,3015,173667.0
2018-08-02,3000,3085,2945,3045,171990.0
2018-08-03,3075,3280,2985,3010,518898.0
2018-08-06,3045,3205,2970,3205,403772.0
2018-08-07,3205,3210,3080,3160,390629.0
2018-08-08,3195,3195,3100,3155,217983.0
2018-08-09,3155,3290,3150,3210,421411.0
2018-08-10,3265,3265,3110,3155,294621.0
2018-08-13,3180,3220,3070,3180,231867.0
2018-08-14,3185,3230,3045,3110,218910.0
2018-08-16,3090,3100,3020,3060,180292.0
2018-08-17,3100,3135,3030,3070,266679.0
2018-08-20,3025,3220,3025,3180,323527.0
2018-08-21,3185,3215,3090,3130,238526.0
2018-08-22,3120,3285,3090,3215,498933.0
2018-08-23,3250,3310,3170,3220,233796.0
2018-08-24,3200,3410,3180,3225,437339.0
2018-08-27,3250,3255,3070,3070,341597.0
2018-08-28,3070,3130,2830,2860,749280.0
2018-08-29,2860,3035,2790,2935,649973.0
2018-08-30,2640,2860,2635,2800,1744368.0
2018-08-31,2800,2885,2780,2870,402919.0
2018-09-03,2870,3185,2850,3045,694393.0
2018-09-04,3045,3065,2960,3045,202686.0
2018-09-05,3045,3185,3000,3140,312479.0
2018-09-06,3150,3245,3120,3150,316113.0
2018-09-07,3105,3300,3095,3180,202111.0
2018-09-10,3170,3170,2960,3040,427470.0
2018-09-11,3115,3115,2990,3110,155673.0
2018-09-12,3180,3180,3055,3105,128627.0
2018-09-13,3075,3175,3070,3075,138045.0
2018-09-14,3110,3120,3010,3070,207360.0
2018-09-17,3075,3080,3000,3055,170243.0
2018-09-18,3055,3330,3055,3205,797372.0
2018-09-19,3205,3315,3170,3315,470067.0
2018-09-20,3365,3365,3250,3290,394093.0
2018-09-21,3290,3660,3240,3440,991347.0
2018-09-27,3435,3675,3320,3600,1197523.0
2018-09-28,3500,3690,3500,3660,583256.0
2018-10-01,3650,3675,3600,3625,289305.0
2018-10-02,3575,3650,3440,3565,303421.0
2018-10-04,3500,3630,3440,3600,230038.0
2018-10-05,3510,3675,3510,3600,219495.0
2018-10-08,3620,3945,3560,3825,749029.0
2018-10-10,3740,3850,3630,3770,309874.0
2018-10-11,3675,3675,3430,3510,355163.0
2018-10-12,3490,3690,3460,3580,272060.0
2018-10-15,3590,3590,3470,3500,158374.0
2018-10-16,3555,3585,3200,3380,290818.0
2018-10-17,3430,3480,3335,3475,140865.0
2018-10-18,3475,3575,3385,3520,137600.0
2018-10-19,3510,3515,3375,3480,96452.0
2018-10-22,3460,3460,3285,3325,137049.0
2018-10-23,3300,3350,3130,3290,176343.0
2018-10-24,3290,3400,3220,3230,120791.0
2018-10-25,3055,3195,2895,2980,261931.0
2018-10-26,3030,3190,2960,3110,193663.0
2018-10-29,3110,3205,2790,2790,176155.0
2018-10-30,2790,3070,2665,3060,231491.0
2018-10-31,3060,3130,3035,3065,118435.0
2018-11-01,3065,3350,3065,3280,154034.0
2018-11-02,3275,3395,3265,3375,131216.0
2018-11-05,3340,3340,3095,3160,204005.0
2018-11-06,3155,3215,3010,3130,87527.0
2018-11-07,3125,3165,2935,3060,188634.0
2018-11-08,3130,3130,2995,3055,73733.0
2018-11-09,3055,3075,2995,3075,88324.0
2018-11-12,3050,3150,2995,3070,103829.0
2018-11-13,3070,3130,3000,3130,73374.0
2018-11-14,3175,3315,3115,3180,316277.0
2018-11-15,3200,3490,3200,3435,319167.0
2018-11-16,3435,3755,3400,3750,890001.0
2018-11-19,3775,3865,3550,3635,480631.0
2018-11-20,3505,3750,3505,3695,244264.0
2018-11-21,3710,3735,3610,3640,137343.0
2018-11-22,3640,3750,3580,3665,193530.0
2018-11-23,3695,3695,3570,3570,152695.0
2018-11-26,3535,3600,3410,3520,278890.0
2018-11-27,3500,3650,3500,3610,193626.0
2018-11-28,3680,4020,3635,3990,1116133.0
2018-11-29,4020,4040,3810,3810,512357.0
2018-11-30,3785,4215,3550,3725,1871260.0
2018-12-03,3710,4070,3565,3990,1959482.0
2018-12-04,3600,3660,3035,3370,4874632.0
2018-12-05,3420,3540,3350,3480,1127274.0
2018-12-06,3435,3525,3270,3375,377610.0
2018-12-07,3365,3460,3320,3415,196004.0
2018-12-10,3320,3390,3225,3330,156275.0
2018-12-11,3380,3380,3260,3315,108151.0
2018-12-12,3350,3350,3170,3235,261630.0
2018-12-13,3295,3295,3095,3180,228007.0
2018-12-14,3170,3370,3090,3350,308288.0
2018-12-17,3370,3440,3270,3370,273699.0
2018-12-18,3350,3885,3310,3885,1158413.0
2018-12-19,3925,4300,3665,4295,1964633.0
2018-12-20,4720,5450,4350,4990,6179869.0
2018-12-21,5230,6030,4910,5500,4806202.0
2018-12-24,5350,5490,5040,5450,1179626.0
2018-12-26,5200,5920,5190,5630,1338281.0
2018-12-27,5600,5970,4450,4450,2453995.0
2018-12-28,4680,4995,4500,4900,1952066.0
2019-01-02,5000,5260,5000,5120,665840.0
2019-01-03,5120,5200,4930,5040,343742.0
2019-01-04,4950,5150,4735,5050,413799.0
2019-01-07,5150,5150,4885,4885,306039.0
2019-01-08,4845,4990,4610,4845,359811.0
2019-01-09,4845,5150,4695,5050,438289.0
2019-01-10,5050,5400,4980,5280,763299.0
2019-01-11,5280,5970,5150,5680,1304653.0
2019-01-14,5580,5910,5580,5680,437985.0
2019-01-15,5710,5870,5610,5820,440779.0
2019-01-16,5900,5950,5660,5790,288368.0
2019-01-17,5630,5800,5250,5480,956333.0
2019-01-18,5540,5800,5420,5440,300322.0
2019-01-21,5450,5700,5240,5580,498211.0
2019-01-22,5540,5600,5390,5430,239703.0
2019-01-23,5410,5500,5280,5460,226518.0
2019-01-24,5600,5600,5420,5500,143882.0
2019-01-25,5500,5980,5500,5850,865409.0
2019-01-28,5900,5960,5540,5750,625580.0
2019-01-29,5620,5730,5350,5530,433436.0
2019-01-30,5500,5500,5190,5190,428336.0
2019-01-31,5070,5250,4950,5030,378445.0
2019-02-01,5100,5180,4950,5130,149673.0
2019-02-07,5130,5150,4730,4795,359520.0
2019-02-08,4740,4855,4465,4740,288746.0
2019-02-11,4740,4950,4680,4715,250767.0
2019-02-12,4715,4955,4530,4850,348723.0
2019-02-13,4850,4895,4720,4850,104095.0
2019-02-14,4870,4900,4750,4770,151563.0
2019-02-15,4770,4820,4575,4760,216154.0
2019-02-18,4715,4800,4610,4710,103204.0
2019-02-19,4760,4760,4590,4590,143457.0
2019-02-20,4590,4620,4370,4430,409316.0
2019-02-21,4490,4780,4410,4575,308631.0
2019-02-22,4580,4595,4380,4455,172802.0
2019-02-25,4440,4490,4255,4300,291996.0
2019-02-26,4300,4715,4270,4680,300666.0
2019-02-27,4665,4690,4550,4680,185564.0
2019-02-28,4650,4900,4555,4735,422952.0
2019-03-04,4600,4680,4430,4435,262218.0
2019-03-05,4440,4535,4290,4385,176348.0
2019-03-06,4395,4470,4255,4420,128386.0
2019-03-07,4425,4530,4305,4305,82302.0
2019-03-08,4320,4540,4310,4310,169125.0
2019-03-11,4390,4390,4240,4310,138694.0
2019-03-12,4300,4750,4255,4625,421546.0
2019-03-13,4675,4700,4430,4625,256583.0
2019-03-14,4500,4890,4500,4735,325610.0
2019-03-15,4710,4820,4660,4725,220301.0
2019-03-18,4765,4810,4710,4745,132146.0
2019-03-19,4730,4805,4605,4670,162134.0
2019-03-20,4710,4710,4550,4550,140343.0
2019-03-21,4575,4575,4345,4345,305942.0
2019-03-22,4345,4505,4290,4345,204472.0
2019-03-25,4345,4730,4295,4560,320420.0
2019-03-26,4560,4840,4530,4795,380320.0
2019-03-27,4870,5120,4755,4810,622905.0
2019-03-28,4800,4935,4680,4805,239565.0
2019-03-29,4900,4900,4720,4800,197855.0
2019-04-01,4740,4800,4535,4695,386245.0
2019-04-02,4700,4920,4520,4870,470883.0
2019-04-03,4880,5050,4700,4745,823019.0
2019-04-04,4700,4800,4650,4765,234900.0
2019-04-05,4785,4840,4700,4770,153091.0
2019-04-08,4825,4835,4740,4750,246241.0
2019-04-09,4750,4770,4610,4695,215249.0
2019-04-10,4690,4780,4640,4700,234512.0
2019-04-11,4710,5180,4710,5120,974176.0
2019-04-12,5170,5230,5090,5170,307001.0
2019-04-15,5180,5500,5120,5430,702623.0
2019-04-16,5400,5530,5200,5300,502112.0
2019-04-17,5330,5370,4955,4995,490706.0
2019-04-18,4990,5300,4965,5210,336265.0
2019-04-19,5290,5440,4965,5250,620369.0
2019-04-22,5340,5450,5230,5400,384557.0
2019-04-23,5480,5480,4985,5140,577333.0
2019-04-24,5210,5420,4950,5200,860489.0
2019-04-25,5110,5150,4970,5020,274730.0
2019-04-26,5020,5020,4780,4805,445526.0
2019-04-29,4870,4870,4595,4640,248314.0
2019-04-30,4695,4755,4590,4615,166187.0
2019-05-02,4495,4735,4440,4685,211680.0
2019-05-03,4685,4770,4650,4730,120538.0
2019-05-07,4710,4750,4550,4615,149163.0
2019-05-08,4615,4690,4415,4430,174086.0
2019-05-09,4395,4430,4170,4215,339225.0
2019-05-10,4355,4355,4005,4180,149583.0
2019-05-13,4270,4490,4220,4335,317829.0
2019-05-14,4380,4480,4235,4310,236780.0
2019-05-15,4275,4355,4250,4350,103076.0
2019-05-16,4390,4390,4175,4235,177834.0
2019-05-17,4230,4250,4115,4155,127310.0
2019-05-20,4100,4275,4050,4055,128002.0
2019-05-21,4115,4310,3875,3950,349297.0
2019-05-22,3995,4075,3920,4075,122419.0
2019-05-23,4075,4075,3720,3805,268398.0
2019-05-24,3810,3875,3610,3670,368566.0
2019-05-27,3690,3745,3625,3675,149212.0
2019-05-28,3605,3765,3560,3680,139358.0
2019-05-29,3720,3720,3530,3590,101805.0
2019-05-30,3625,3675,3545,3650,87378.0
2019-05-31,3650,3725,3620,3675,96746.0
2019-06-03,3790,3790,3545,3610,132312.0
2019-06-04,3655,3655,3540,3615,57007.0
2019-06-05,3675,3675,3550,3630,63048.0
2019-06-07,3630,3765,3590,3745,71165.0
2019-06-10,3700,3795,3675,3740,58865.0
2019-06-11,3740,3795,3685,3760,81703.0
2019-06-12,3690,3800,3655,3700,53237.0
2019-06-13,3740,3740,3575,3595,119795.0
2019-06-14,3600,3655,3400,3450,261463.0
2019-06-17,3480,3605,3400,3515,90888.0
2019-06-18,3475,3580,3425,3425,157531.0
2019-06-19,3400,4450,3400,4195,3057285.0
2019-06-20,4225,4345,4050,4130,532635.0
2019-06-21,4130,4750,4090,4695,1757873.0
2019-06-24,4695,4720,4445,4450,380058.0
2019-06-25,4430,4980,4250,4540,1598219.0
2019-06-26,4540,4885,4400,4695,1135408.0
2019-06-27,4800,4950,4420,4430,589600.0
2019-06-28,4425,4490,4175,4280,428756.0
2019-07-01,4280,4400,4095,4120,207620.0
2019-07-02,4120,4285,4080,4195,138614.0
2019-07-03,4175,4250,4090,4155,150858.0
2019-07-04,4150,4230,3955,4035,217037.0
2019-07-05,4050,4140,3905,4050,115474.0
2019-07-08,3970,4045,3750,3765,267973.0
2019-07-09,3800,3905,3715,3775,131801.0
2019-07-10,3730,4055,3670,3870,250965.0
2019-07-11,3800,3880,3620,3650,372658.0
2019-07-12,3650,3710,3495,3685,193273.0
2019-07-15,3750,3750,3495,3530,202337.0
2019-07-16,3530,3585,3395,3450,213829.0
2019-07-17,3395,3425,3300,3380,165375.0
2019-07-18,3400,4275,3285,3840,1872558.0
2019-07-19,3930,3935,3655,3705,316161.0
2019-07-22,3705,3740,3630,3630,130865.0
2019-07-23,3565,3660,3460,3500,200675.0
2019-07-24,3525,3540,3370,3385,135658.0
2019-07-25,3385,3480,3315,3400,107438.0
2019-07-26,3400,3480,3260,3305,155152.0
2019-07-29,3305,3485,3250,3345,172379.0
2019-07-30,3345,3530,3240,3400,181477.0
2019-07-31,3400,3975,3400,3960,1117821.0
2019-08-01,3905,4130,3745,3820,600069.0
2019-08-02,3795,3920,3645,3700,221821.0
2019-08-05,3650,3730,3375,3400,424443.0
2019-08-06,3490,3690,3295,3400,433711.0
2019-08-07,3335,3470,3315,3435,317770.0
2019-08-08,3435,3770,3400,3490,834130.0
2019-08-09,3430,3560,3415,3495,248636.0
2019-08-12,3440,3500,3300,3395,341525.0
2019-08-13,3395,3395,3285,3285,250004.0
2019-08-14,3305,3350,3275,3320,105947.0
2019-08-16,3290,3355,3195,3240,139369.0
2019-08-19,3240,3340,3225,3275,53847.0
2019-08-20,3345,3345,3195,3225,115303.0
2019-08-21,3200,3305,3200,3265,115503.0
2019-08-22,3260,3340,3205,3240,116976.0
2019-08-23,3210,3250,3180,3180,96304.0
2019-08-26,3150,3150,2895,3040,168370.0
2019-08-27,3010,3135,3010,3105,92534.0
2019-08-28,3040,3170,3040,3080,73792.0
2019-08-29,3080,3165,3020,3080,64834.0
2019-08-30,3115,3115,3055,3090,67598.0
2019-09-02,3080,3150,3080,3150,68355.0
2019-09-03,3165,3235,3130,3175,144715.0
2019-09-04,3175,3215,3100,3175,89747.0
2019-09-05,3140,3330,3130,3330,257247.0
2019-09-06,3390,3390,3225,3225,185529.0
2019-09-09,3230,3360,3215,3255,137319.0
2019-09-10,3220,3305,3200,3205,101969.0
2019-09-11,3215,3245,3200,3235,60213.0
2019-09-16,3235,3300,3220,3255,67897.0
2019-09-17,3235,3305,3100,3155,254020.0
2019-09-18,3125,3195,3125,3170,65749.0
2019-09-19,3180,3215,3110,3170,146464.0
2019-09-20,3170,3175,3130,3145,50728.0
2019-09-23,3150,3185,3060,3110,122556.0
2019-09-24,3150,3155,3080,3095,83111.0
2019-09-25,3110,3190,2970,2995,146444.0
2019-09-26,3000,3095,2950,2970,68236.0
2019-09-27,2970,3015,2875,2900,133359.0
2019-09-30,2970,2970,2720,2895,265734.0
2019-10-01,2900,2980,2750,2795,119233.0
2019-10-02,2835,2835,2700,2780,198310.0
2019-10-04,2715,2775,2700,2750,86913.0
2019-10-07,2710,2780,2650,2700,241556.0
2019-10-08,2690,2770,2665,2710,160032.0
2019-10-10,2710,2930,2710,2815,236120.0
2019-10-11,2820,2885,2750,2835,137405.0
2019-10-14,2825,2825,2695,2725,106789.0
2019-10-15,2720,2780,2710,2735,87663.0
2019-10-16,2795,2795,2700,2710,91049.0
2019-10-17,2750,2750,2600,2720,152841.0
2019-10-18,2720,2720,2630,2670,64659.0
2019-10-21,2670,2695,2595,2595,149536.0
2019-10-22,2550,2600,2510,2540,175842.0
2019-10-23,2540,2675,2395,2645,213219.0
2019-10-24,2645,2750,2610,2700,96677.0
2019-10-25,2700,2740,2565,2645,121668.0
2019-10-28,2785,2950,2715,2720,291716.0
2019-10-29,2715,2790,2680,2730,120659.0
2019-10-30,2790,2790,2615,2625,76252.0
2019-10-31,2675,3410,2595,3390,6054045.0
2019-11-01,4100,4405,3800,4405,6182112.0
2019-11-04,5070,5330,4295,4500,9828563.0
2019-11-05,4200,4280,3775,3810,3034985.0
2019-11-06,3925,3980,3770,3865,1539209.0
2019-11-07,3915,3950,3695,3740,504185.0
2019-11-08,3735,3780,3595,3725,391756.0
2019-11-11,3670,3840,3640,3820,404536.0
2019-11-12,3820,3935,3745,3850,525892.0
2019-11-13,3860,3985,3840,3865,354508.0
2019-11-14,3800,3955,3765,3915,265715.0
2019-11-15,3890,4150,3840,3895,724797.0
2019-11-18,3900,3990,3885,3910,270043.0
2019-11-19,3955,4075,3915,3930,395885.0
2019-11-20,3890,3985,3765,3855,202709.0
2019-11-21,3940,3980,3810,3815,330021.0
2019-11-22,3810,3900,3705,3710,188608.0
2019-11-25,3720,3830,3580,3670,297543.0
2019-11-26,3805,3900,3635,3700,302400.0
2019-11-27,3710,3890,3610,3670,249900.0
2019-11-28,3615,3755,3470,3490,187123.0
2019-11-29,3575,3700,3370,3600,323473.0
2019-12-02,3605,3640,3330,3460,296586.0
2019-12-03,3455,3600,3295,3300,236124.0
2019-12-04,3300,3500,3270,3360,141718.0
2019-12-05,3360,3370,3170,3250,248882.0
2019-12-06,3180,3440,3180,3425,247310.0
2019-12-09,3425,3425,3265,3275,88650.0
2019-12-10,3350,3350,3230,3325,76091.0
2019-12-11,3385,3655,3235,3260,436747.0
2019-12-12,3380,3380,3265,3355,101013.0
2019-12-13,3335,3705,3300,3590,409345.0
2019-12-16,3595,3640,3475,3485,113663.0
2019-12-17,3485,3540,3250,3355,237794.0
2019-12-18,3355,3365,3210,3225,248391.0
2019-12-19,3260,3280,3200,3245,81307.0
2019-12-20,3310,3310,3140,3180,193595.0
2019-12-23,3245,3245,3015,3040,202523.0
2019-12-24,3040,3075,2945,3000,128420.0
2019-12-26,2940,3075,2940,2985,68800.0
2019-12-27,2985,3055,2970,3020,85063.0
2019-12-30,2980,3055,2935,2985,122667.0
2020-01-02,3060,3120,2980,3085,92872.0
2020-01-03,3085,3085,2985,3000,133672.0
2020-01-06,3000,3000,2850,2890,203794.0
2020-01-07,2895,2940,2835,2880,164873.0
2020-01-08,2875,2940,2670,2735,261307.0
2020-01-09,2755,2855,2720,2840,178443.0
2020-01-10,2870,2875,2690,2730,402600.0
2020-01-13,2730,2945,2725,2840,221576.0
2020-01-14,2830,2950,2805,2870,119315.0
2020-01-15,2890,2965,2860,2865,153471.0
2020-01-16,2905,2970,2835,2920,137316.0
2020-01-17,2940,2950,2865,2935,74961.0
2020-01-20,2935,2935,2820,2820,120584.0
2020-01-21,2800,2900,2750,2750,102112.0
2020-01-22,2790,2790,2720,2745,56813.0
2020-01-23,2740,2860,2710,2730,68930.0
2020-01-28,2675,2730,2540,2565,179173.0
2020-01-29,2645,3200,2570,2710,1747052.0
2020-01-30,2700,2710,2520,2520,345459.0
2020-01-31,2520,2635,2440,2445,236362.0
2020-02-03,2330,2630,2295,2495,551063.0
2020-02-04,2500,2690,2500,2650,157463.0
2020-02-05,2625,2790,2620,2750,121033.0
2020-02-06,2750,2780,2705,2720,70518.0
2020-02-07,2740,2860,2715,2860,132035.0
2020-02-10,2800,2900,2760,2790,139347.0
2020-02-11,2795,2860,2765,2815,69643.0
2020-02-12,2825,2930,2825,2900,145690.0
2020-02-13,2900,2945,2825,2835,106821.0
2020-02-14,2840,2875,2740,2755,105212.0
2020-02-17,2985,2985,2745,2860,202805.0
2020-02-18,2860,2975,2860,2880,136428.0
2020-02-19,2875,2925,2815,2865,184499.0
2020-02-20,2870,2920,2750,2765,133863.0
2020-02-21,2730,2800,2665,2675,108944.0
2020-02-24,2650,2650,2510,2525,156398.0
2020-02-25,2530,3105,2500,2770,1365686.0
2020-02-26,2715,2885,2700,2785,278807.0
2020-02-27,2775,2835,2650,2760,257494.0
2020-02-28,2690,2760,2570,2660,206331.0
2020-03-02,2670,2755,2630,2660,65178.0
2020-03-03,2760,2760,2530,2660,137688.0
2020-03-04,2660,2710,2620,2675,72255.0
2020-03-05,2695,2840,2675,2830,196102.0
2020-03-06,2830,2850,2730,2790,157605.0
2020-03-09,2900,3290,2650,2800,2178678.0
2020-03-10,2720,2865,2700,2825,315151.0
2020-03-11,2825,3040,2760,2970,920186.0
2020-03-12,2970,3265,2870,3200,2506731.0
2020-03-13,2950,3100,2655,2975,1116310.0
2020-03-16,3090,3190,2970,2970,938100.0
2020-03-17,2765,3020,2760,2915,567509.0
2020-03-18,2990,3070,2845,2890,420248.0
2020-03-19,2935,2990,2080,2400,762926.0
2020-03-20,2520,2695,2310,2610,583528.0
2020-03-23,2410,2740,2355,2625,492946.0
2020-03-24,2655,2860,2645,2650,427817.0
2020-03-25,2795,2795,2555,2625,293425.0
2020-03-26,2625,2740,2595,2625,295247.0
2020-03-27,2720,2775,2570,2665,298379.0
2020-03-30,2595,2700,2550,2650,278757.0
2020-03-31,2700,2700,2590,2645,344154.0
2020-04-01,2640,2825,2560,2680,548778.0
2020-04-02,2695,2790,2585,2730,320557.0
2020-04-03,2730,2810,2680,2755,218624.0
2020-04-06,2765,2930,2735,2915,325159.0
2020-04-07,2980,3060,2800,2930,532212.0
2020-04-08,2885,2915,2790,2810,207739.0
2020-04-09,2900,2915,2770,2890,301423.0
2020-04-10,2955,2955,2750,2870,344078.0
2020-04-13,2885,3040,2800,3040,472659.0
2020-04-14,3130,3150,3015,3150,595539.0
2020-04-16,3210,3575,3180,3565,1923604.0
2020-04-17,3565,3575,3350,3420,623811.0
2020-04-20,3450,3475,3265,3380,505597.0
2020-04-21,3400,3400,3020,3220,485627.0
2020-04-22,3140,3205,3005,3125,298467.0
2020-04-23,3130,3360,3095,3320,350184.0
2020-04-24,3300,3480,3285,3335,616232.0
2020-04-27,3345,3460,3185,3335,479281.0
2020-04-28,3380,3470,3100,3110,1090142.0
2020-04-29,3110,3140,2800,2915,838578.0
2020-05-04,2925,3050,2855,3025,432616.0
2020-05-06,3050,3175,3030,3100,278265.0
2020-05-07,3120,3200,2990,3115,216718.0
2020-05-08,3145,3210,3110,3150,281434.0
2020-05-11,3120,3175,3015,3030,278684.0
2020-05-12,3045,3210,3025,3125,249019.0
2020-05-13,3140,3200,3085,3160,276569.0
2020-05-14,3175,3220,3095,3160,257125.0
2020-05-15,3245,3250,3115,3120,286209.0
2020-05-18,3100,3150,3080,3080,213749.0
2020-05-19,3085,3165,3080,3110,262734.0
2020-05-20,3110,3450,3110,3165,1454487.0
2020-05-21,3190,3340,3160,3290,345080.0
2020-05-22,3265,3370,3220,3330,399499.0
2020-05-25,3340,3435,3305,3360,287414.0
2020-05-26,3370,3415,3340,3410,394221.0
2020-05-27,3430,3670,3430,3480,1135688.0
2020-05-28,3485,3525,3330,3440,341953.0
2020-05-29,3510,3510,3390,3420,227258.0
2020-06-01,3430,3820,3430,3730,1290432.0
2020-06-02,3820,3900,3685,3860,873459.0
2020-06-03,3860,3890,3810,3820,345261.0
2020-06-04,3820,4045,3645,3735,1520353.0
2020-06-05,3695,3850,3685,3800,581924.0
2020-06-08,3805,4050,3790,4050,752817.0
2020-06-09,4100,4200,3950,4045,863571.0
2020-06-10,4080,4085,3950,4075,326118.0
2020-06-11,4075,4090,3845,3920,514071.0
2020-06-12,3700,3855,3655,3840,437847.0
2020-06-15,3820,3825,3250,3365,1156550.0
2020-06-16,3450,3590,3375,3385,408818.0
2020-06-17,3300,3475,3255,3390,494267.0
2020-06-18,3380,3585,3300,3560,414104.0
2020-06-19,3565,3725,3500,3600,422638.0
2020-06-22,3635,3830,3635,3820,452580.0
2020-06-23,3890,3920,3720,3910,570961.0
2020-06-24,3920,4060,3855,3990,833450.0
2020-06-25,3890,4000,3760,3870,447244.0
2020-06-26,3975,4005,3855,3910,311305.0
2020-06-29,3880,3935,3775,3790,270538.0
2020-06-30,3820,3950,3610,3650,301451.0
2020-07-01,3615,3730,3490,3520,331094.0
2020-07-02,3520,3745,3520,3735,297680.0
2020-07-03,3765,3980,3690,3955,478470.0
2020-07-06,4020,4335,3985,4005,1069684.0
2020-07-07,3990,4120,3960,4120,324087.0
2020-07-08,4170,4170,3960,3995,270921.0
2020-07-09,4000,4065,3830,3900,352786.0
2020-07-10,3910,3975,3855,3930,263773.0
2020-07-13,3945,4100,3945,4005,260678.0
2020-07-14,3970,4030,3875,3880,206133.0
2020-07-15,3900,3945,3840,3860,151615.0
2020-07-16,3850,3900,3700,3865,385958.0
2020-07-17,3810,3935,3780,3820,147796.0
2020-07-20,3795,3820,3620,3700,408431.0
2020-07-21,3695,3800,3595,3650,292592.0
2020-07-22,3650,3745,3510,3640,312919.0
2020-07-23,3645,3870,3640,3780,342925.0
2020-07-24,3780,3805,3690,3775,155427.0
2020-07-27,3775,4095,3775,3955,1034055.0
2020-07-28,4010,4145,3910,3930,786687.0
2020-07-29,3960,3975,3740,3820,281556.0
2020-07-30,3840,4050,3755,3960,679214.0
2020-07-31,3960,4055,3895,3940,282298.0
2020-08-03,3940,3955,3840,3850,214112.0
2020-08-04,3830,3940,3735,3910,392036.0
2020-08-05,3930,4010,3850,3935,411385.0
2020-08-06,3990,3990,3800,3900,397567.0
2020-08-07,3910,4080,3850,3885,735321.0
2020-08-10,3850,3950,3800,3815,268404.0
2020-08-11,3865,3865,3750,3815,228822.0
2020-08-12,3800,3800,3575,3715,428861.0
2020-08-13,3700,3810,3665,3675,199871.0
2020-08-14,3720,3745,3545,3675,293245.0
2020-08-18,3675,3675,3370,3470,363472.0
2020-08-19,3425,3635,3425,3635,263674.0
2020-08-20,3770,3770,3515,3535,381769.0
2020-08-21,3580,3610,3520,3535,167579.0
2020-08-24,3545,3545,3355,3500,319869.0
2020-08-25,3485,3630,3465,3530,255896.0
2020-08-26,3580,3600,3400,3455,294763.0
2020-08-27,3455,3505,3330,3350,336237.0
2020-08-28,3395,3910,3395,3880,1611532.0
2020-08-31,3900,4010,3785,3870,998312.0
2020-09-01,3870,3890,3750,3750,451699.0
2020-09-02,3795,3800,3655,3710,239807.0
2020-09-03,3700,3775,3590,3740,335648.0
2020-09-04,3615,3665,3495,3520,703705.0
2020-09-07,3520,3545,3400,3475,310565.0
2020-09-08,3460,3510,3385,3400,316212.0
2020-09-09,3395,3490,3370,3490,208324.0
2020-09-10,3470,3495,3405,3445,176344.0
2020-09-11,3415,3720,3410,3600,516213.0
2020-09-14,3600,3635,3465,3530,297250.0
2020-09-15,3500,3575,3480,3500,132243.0
2020-09-16,3500,3570,3450,3460,246453.0
2020-09-17,3460,3500,3415,3460,179936.0
2020-09-18,3500,3555,3420,3450,155887.0
2020-09-21,3455,3600,3440,3500,227098.0
2020-09-22,3500,3530,3430,3505,145977.0
2020-09-23,3505,3545,3455,3465,245150.0
2020-09-24,3465,3700,3450,3540,918624.0
2020-09-25,3555,3630,3530,3630,273972.0
2020-09-28,3670,3790,3590,3595,386803.0
2020-09-29,3630,3665,3560,3660,283854.0
2020-10-05,3670,3985,3670,3715,2500238.0
2020-10-06,3725,3775,3635,3645,422630.0
2020-10-07,3615,3725,3545,3625,318707.0
2020-10-08,3605,3655,3555,3610,282620.0
2020-10-12,3620,3880,3620,3690,1263342.0
2020-10-13,3700,3815,3690,3795,419801.0
2020-10-14,3755,3870,3685,3700,459270.0
2020-10-15,3720,3850,3625,3705,593714.0
2020-10-16,3800,3890,3730,3885,1409158.0
2020-10-19,4205,5020,4155,4570,10766321.0
2020-10-20,4625,4800,4480,4800,2601518.0
2020-10-21,4920,5700,4915,5500,8935266.0
2020-10-22,5450,5840,5420,5620,3181615.0
2020-10-23,5580,5690,5230,5590,1477248.0
2020-10-26,5500,6090,5470,5980,2502071.0
2020-10-27,5920,6250,5810,5940,1257843.0
2020-10-28,5950,6200,5730,5850,688211.0
2020-10-29,5760,5980,5600,5840,975184.0
2020-10-30,5910,6400,5890,6340,1859142.0
2020-11-02,6290,6830,6270,6680,1654289.0
2020-11-03,6680,6800,5770,6530,2132472.0
2020-11-04,6800,7420,6650,7290,2732328.0
2020-11-05,7460,7790,6720,7220,2275364.0
2020-11-06,7330,7430,7010,7030,898331.0
2020-11-09,7100,7800,6760,7040,1900031.0
2020-11-10,7050,7180,6850,7060,444969.0
2020-11-11,7090,7170,6910,7060,569519.0
2020-11-12,7040,7220,6980,7080,690385.0
2020-11-13,7100,7200,6890,6960,607554.0
2020-11-16,6960,7150,6580,6980,717952.0
2020-11-17,6980,7010,6650,6800,567763.0
2020-11-18,6800,7180,6340,6800,1495859.0
2020-11-19,6900,6990,6650,6650,497495.0
2020-11-20,6720,7000,6650,6860,574615.0
2020-11-23,6800,7000,6720,6880,650730.0
2020-11-24,6880,7450,6860,7120,2307034.0
2020-11-25,7350,7790,6800,7190,3556808.0
2020-11-26,7240,7360,7060,7110,1268466.0
2020-11-27,7130,7150,6930,6980,972745.0
2020-11-30,7070,7140,6640,6810,936874.0
2020-12-01,6830,6830,6200,6230,1687560.0
2020-12-02,6320,6920,6250,6640,2351648.0
2020-12-03,6680,6800,6480,6750,897500.0
2020-12-04,6700,6810,6350,6620,749304.0
2020-12-07,6600,6600,6160,6510,801396.0
2020-12-08,6410,6460,6260,6410,400473.0
2020-12-09,6430,6900,6430,6840,2135593.0
2020-12-10,6840,7100,6580,6720,1438077.0
2020-12-11,6740,6930,6450,6650,1037799.0
2020-12-14,6620,6620,6290,6390,692623.0
2020-12-15,6310,6390,5730,6200,1990949.0
2020-12-16,6100,6200,5810,5960,914170.0
2020-12-17,6030,6170,5870,6140,1074801.0
2020-12-18,6150,6340,5980,6200,804479.0
2020-12-21,6250,6250,5960,5970,705514.0
2020-12-22,5820,6880,5800,6250,6484843.0
2020-12-23,6130,6200,5810,5980,1579305.0
2020-12-24,5980,6050,4875,5960,3684632.0
2020-12-28,6050,7150,6030,6220,20635635.0
2020-12-29,6300,7160,5650,5960,47801049.0
2020-12-30,5700,5890,5210,5240,13141416.0
2021-01-04,5280,5400,4960,5010,4739332.0
2021-01-05,4950,5050,4475,4595,7090535.0
2021-01-06,4590,5200,4545,4815,13123433.0
2021-01-07,4800,5050,4685,4965,6013521.0
2021-01-08,5540,5560,4830,4885,10041050.0
2021-01-11,4885,4900,4440,4510,3118765.0
2021-01-12,4460,4490,4265,4295,1908521.0
2021-01-13,4280,4475,4235,4315,1338917.0
2021-01-14,4320,4370,4270,4280,967811.0
2021-01-15,4285,4305,4080,4095,1394658.0
2021-01-18,4025,4080,3900,3925,1551295.0
2021-01-19,3925,4075,3790,4000,1605253.0
2021-01-20,4000,4235,4000,4100,1213291.0
2021-01-21,4120,4170,4015,4065,881472.0
2021-01-22,4065,4190,4050,4075,803551.0
2021-01-25,4080,4135,3990,4015,672226.0
2021-01-26,4040,4100,3970,3970,891845.0
2021-01-27,3985,4010,3890,3890,683015.0
2021-01-28,3755,3845,3725,3735,862533.0
2021-01-29,3740,3820,3495,3600,1160173.0
2021-02-01,3595,3860,3470,3840,825913.0
2021-02-02,3840,4050,3815,3890,712550.0
2021-02-03,3890,3970,3885,3885,423621.0
2021-02-04,3805,3895,3745,3760,477503.0
2021-02-05,3790,3850,3725,3765,352725.0
2021-02-08,3725,3865,3725,3760,375618.0
2021-02-09,3900,3935,3800,3805,846640.0
2021-02-10,3830,3865,3765,3845,399571.0
2021-02-15,3845,3860,3745,3780,506304.0
2021-02-16,3780,3780,3660,3670,641180.0
2021-02-17,3665,3735,3535,3710,702467.0
2021-02-18,3720,3730,3580,3580,635230.0
2021-02-19,3515,3590,3400,3570,939584.0
2021-02-22,3570,4080,3515,3870,3306535.0
2021-02-23,3715,3840,3550,3590,1386428.0
2021-02-24,3620,3650,3450,3450,692450.0
2021-02-25,3455,3530,3385,3385,610124.0
2021-02-26,3270,3325,3175,3220,720069.0
2021-03-02,3265,3465,3225,3340,618530.0
2021-03-03,3350,3425,3340,3360,314038.0
2021-03-04,3310,3350,3245,3310,353207.0
2021-03-05,3270,3310,3185,3240,392382.0
2021-03-08,3240,3340,3165,3180,578100.0
2021-03-09,3180,3350,2980,3210,2013603.0
2021-03-10,3215,3300,3085,3110,938454.0
2021-03-11,3115,3160,3020,3110,684939.0
2021-03-12,3100,4000,3095,3790,9678240.0
2021-03-15,3960,3995,3670,3700,2294364.0
2021-03-16,3630,3755,3565,3610,864042.0
2021-03-17,3600,3600,3425,3550,1101067.0
2021-03-18,3525,3745,3485,3555,981366.0
2021-03-19,3470,4250,3460,3910,11468267.0
2021-03-22,3960,4135,3850,3925,3026946.0
2021-03-23,3910,3910,3655,3660,1408296.0
2021-03-24,3650,3775,3585,3665,592330.0
2021-03-25,3665,3720,3575,3610,551219.0
2021-03-26,3630,3665,3525,3545,473585.0
2021-03-29,3550,3550,3415,3420,531267.0
2021-03-30,3410,3540,3410,3455,397561.0
2021-03-31,3455,3540,3415,3425,360106.0
2021-04-01,3430,4200,3320,3940,5733596.0
2021-04-02,3900,4105,3730,3845,3126847.0
2021-04-05,3820,4040,3810,3880,1496403.0
2021-04-06,3915,4075,3880,3960,3038180.0
2021-04-07,4075,4430,4000,4265,9333476.0
2021-04-08,4270,4285,4050,4075,1600379.0
2021-04-09,4035,4110,3995,4020,824228.0
2021-04-12,4035,4225,3905,4175,1939326.0
2021-04-13,4200,4245,4040,4070,1038021.0
2021-04-14,4110,4145,4010,4105,932621.0
2021-04-15,4115,4115,3935,3985,916495.0
2021-04-16,3985,4040,3955,3965,455382.0
2021-04-19,3985,4075,3850,4020,1083999.0
2021-04-20,4020,4040,3930,4000,520729.0
2021-04-21,4000,4025,3930,3930,500269.0
2021-04-22,3930,3970,3880,3885,522267.0
2021-04-23,3895,3895,3715,3795,871769.0
2021-04-26,3775,4040,3705,3890,1376243.0
2021-04-27,3940,4010,3800,3880,664090.0
2021-04-28,3880,3900,3770,3770,394748.0
2021-04-29,3740,3965,3735,3820,498059.0
2021-04-30,3850,3855,3710,3715,462809.0
2021-05-03,3625,3685,3500,3585,553817.0
2021-05-04,3550,3600,3445,3490,458569.0
2021-05-06,3490,3600,3450,3510,298321.0
2021-05-07,3480,3505,3190,3255,2131264.0
2021-05-10,3260,3325,3205,3255,884321.0
2021-05-11,3260,3310,3130,3160,648654.0
2021-05-12,3160,3230,3105,3180,535241.0
2021-05-13,3125,3245,3070,3105,553465.0
2021-05-14,3160,3190,3050,3095,336635.0
2021-05-17,3065,3125,3000,3005,405133.0
2021-05-18,3030,3280,3030,3115,982780.0
2021-05-20,3145,3200,3100,3100,369964.0
2021-05-21,3110,3150,3055,3065,366923.0
2021-05-24,3065,3065,2965,2985,371723.0
2021-05-25,2980,3050,2980,2985,409994.0
2021-05-26,2990,3105,2990,3080,323905.0
2021-05-27,3055,3205,3050,3145,596798.0
2021-05-28,3290,3445,3175,3350,1369697.0
2021-05-31,3360,3430,3240,3240,589062.0
2021-06-01,3295,3365,3260,3310,379074.0
2021-06-02,3310,3310,3230,3250,281637.0
2021-06-03,3255,3355,3245,3340,287290.0
2021-06-04,3340,3345,3265,3305,193836.0
2021-06-07,3305,3350,3275,3280,273388.0
2021-06-08,3275,3280,3185,3185,308272.0
2021-06-09,3185,3215,3135,3140,217667.0
2021-06-10,3160,3250,3125,3210,257637.0
2021-06-11,3215,3235,3110,3120,377597.0
2021-06-14,3150,3185,3105,3110,203529.0
2021-06-15,3120,3130,3030,3055,540073.0
2021-06-16,3065,3250,3065,3180,825036.0
2021-06-17,3180,3190,3110,3110,333502.0
2021-06-18,3110,3145,3095,3110,254081.0
2021-06-21,3110,3145,3055,3060,395549.0
2021-06-22,3100,3100,3010,3060,230036.0
2021-06-23,3060,3080,3015,3020,464813.0
2021-06-24,3050,3690,3020,3355,8183151.0
2021-06-25,3355,3460,3285,3390,2085504.0
2021-06-28,3405,3510,3360,3415,1179507.0
2021-06-29,3405,3410,3255,3265,867751.0
2021-06-30,3290,3355,3240,3340,502296.0
2021-07-01,3360,3390,3230,3235,585286.0
2021-07-02,3235,3340,3220,3310,377161.0
2021-07-05,3365,3690,3325,3405,2902746.0
2021-07-06,3535,4425,3515,4425,47140083.0
2021-07-07,5110,5300,4440,4520,39540722.0
2021-07-08,4440,4485,4180,4415,12651643.0
2021-07-09,4390,4640,4000,4085,9115440.0
2021-07-12,4150,4490,4115,4460,9660552.0
2021-07-13,4995,5650,4615,4675,52335559.0
2021-07-14,4545,4685,4460,4685,2655707.0
2021-07-15,4720,4910,4615,4910,2800891.0
2021-07-16,4790,5100,4790,4790,2189621.0
2021-07-19,4855,5040,4430,4525,4320120.0
2021-07-20,4405,4510,4165,4445,3852105.0
2021-07-21,4400,5150,4380,4950,21834099.0
2021-07-22,4810,5040,4620,4625,5576422.0
2021-07-23,4580,5480,4540,5180,25397987.0
2021-07-26,5120,5280,4945,5140,6182239.0
2021-07-27,5100,5220,4700,4755,5865374.0
2021-07-28,4700,4950,4580,4660,2727222.0
2021-07-29,4655,4780,4505,4585,2140167.0
2021-07-30,4600,4610,4200,4295,2965386.0
2021-08-02,4205,4395,4170,4335,1669729.0
2021-08-03,4255,4325,4035,4085,1925406.0
2021-08-04,4095,4180,4045,4115,1475777.0
2021-08-05,4255,4450,4210,4230,3177688.0
2021-08-06,4230,4345,4155,4270,1416257.0
2021-08-09,4265,4270,4065,4070,1327491.0
2021-08-10,4080,4180,3870,4120,1789087.0
2021-08-11,4105,4950,4035,4650,20657677.0
2021-08-12,4580,4790,4370,4455,5771694.0
2021-08-13,4480,4520,4255,4310,2176746.0
2021-08-17,4345,4930,4330,4695,13133331.0
2021-08-18,4540,4630,4380,4495,3562238.0
2021-08-19,4630,4950,4550,4950,17171674.0
2021-08-20,5300,5550,4430,4450,23849582.0
2021-08-23,4600,4700,4345,4570,2780666.0
2021-08-24,4570,4730,4455,4585,3029535.0
2021-08-25,4545,4590,4450,4495,1576646.0
2021-08-26,4525,4655,4435,4475,1664721.0
2021-08-27,4420,4465,4320,4355,1233034.0
2021-08-30,4380,4410,4205,4215,1413041.0
2021-08-31,4235,4370,4110,4325,1430729.0
2021-09-01,4270,4380,4220,4220,1025906.0
2021-09-02,4225,4335,4185,4245,816738.0
2021-09-03,4225,4300,4200,4200,757776.0
2021-09-06,4245,4615,4170,4380,3488506.0
2021-09-07,4375,4500,4285,4495,1314928.0
2021-09-08,4480,5140,4410,4875,18162777.0
2021-09-09,4915,4985,4620,4775,4818162.0
2021-09-10,4715,4985,4625,4785,4379041.0
2021-09-13,4765,4780,4520,4550,2108352.0
2021-09-14,4500,4505,4335,4335,1789781.0
2021-09-15,4335,4465,4330,4405,873676.0
2021-09-16,4380,4500,4235,4235,1445593.0
2021-09-17,4240,4365,4235,4275,740815.0
2021-09-23,4210,4495,4205,4325,1322984.0
2021-09-24,4390,4700,4365,4630,4237461.0
2021-09-27,4650,4770,4460,4460,1982734.0
2021-09-28,4390,4570,4260,4280,1547519.0
2021-09-29,4160,4380,4140,4335,953860.0
2021-09-30,4300,4525,4300,4355,1304867.0
2021-10-01,4280,4390,4075,4130,1443836.0
2021-10-05,4120,4135,3760,3845,1685889.0
2021-10-06,3785,3930,3445,3480,1654135.0
2021-10-07,3500,3650,3430,3575,1389325.0
2021-10-08,3590,3655,3485,3510,694033.0
2021-10-12,3480,3545,3415,3460,514774.0
2021-10-13,3460,3680,3460,3500,473985.0
2021-10-14,3500,3625,3495,3570,493887.0
2021-10-15,3615,3660,3500,3650,732097.0
