날짜,시가,고가,저가,종가,거래량
2015-10-05,2131,2152,2126,2142,1550463.0
2015-10-06,2142,2147,2142,2142,351173.0
2015-10-07,2142,2152,2142,2152,88151.0
2015-10-08,2142,2152,2142,2147,30940.0
2015-10-12,2147,2157,2142,2152,39151.0
2015-10-13,2157,2167,2152,2157,41379.0
2015-10-14,2152,2172,2152,2162,34433.0
2015-10-15,2147,2157,2147,2157,880.0
2015-10-16,2157,2162,2142,2157,43453.0
2015-10-19,2142,2157,2142,2157,11385.0
2015-10-20,2162,2162,2157,2157,12476.0
2015-10-21,2162,2162,2147,2152,12566.0
2015-10-22,2142,2152,2142,2152,27323.0
2015-10-23,2142,2152,2142,2147,24096.0
2015-10-26,2152,2152,2142,2142,17833.0
2015-10-27,2142,2152,2142,2147,34672.0
2015-10-28,2147,2147,2142,2147,21493.0
2015-10-29,2147,2147,2142,2147,13349.0
2015-10-30,2142,2152,2142,2142,9761.0
2015-11-02,2142,2147,2142,2147,28018.0
2015-11-03,2142,2142,2096,2142,58957.0
2015-11-04,2116,2126,2096,2111,185735.0
2015-11-05,2101,2106,2096,2101,75062.0
2015-11-06,2096,2101,2091,2091,59019.0
2015-11-09,2080,2091,2080,2081,39389.0
2015-11-10,2091,2096,2065,2091,42218.0
2015-11-11,2080,2096,2080,2086,9995.0
2015-11-12,2085,2085,2075,2076,11835.0
2015-11-13,2075,2085,2070,2081,40003.0
2015-11-16,2065,2080,2055,2066,17897.0
2015-11-17,2065,2070,2055,2071,16344.0
2015-11-18,2039,2070,2039,2060,12744.0
2015-11-19,2060,2060,2045,2055,16100.0
2015-11-20,2050,2050,2045,2045,2890.0
2015-11-23,2045,2050,2040,2050,113063.0
2015-11-24,2045,2055,2040,2050,18733.0
2015-11-25,2045,2050,2040,2045,17589.0
2015-11-26,2050,2060,2050,2050,9.0
2015-11-27,2050,2055,2050,2055,24023.0
2015-11-30,2050,2055,2045,2055,18598.0
2015-12-01,2045,2070,2045,2071,5199.0
2015-12-02,2050,2055,2045,2055,29379.0
2015-12-03,2050,2055,2050,2055,17616.0
2015-12-04,2055,2055,2045,2045,9879.0
2015-12-07,2050,2050,2040,2050,12815.0
2015-12-08,2045,2045,2040,2045,1186.0
2015-12-09,2040,2045,2040,2045,32581.0
2015-12-10,2050,2050,2050,2050,3033.0
2015-12-11,2040,2055,2040,2050,1035.0
2015-12-14,2045,2055,2045,2050,3418.0
2015-12-15,2050,2050,2045,2050,2883.0
2015-12-16,2055,2055,2045,2055,12700.0
2015-12-17,2039,2060,2039,2060,2932.0
2015-12-18,2060,2060,2045,2045,1500.0
2015-12-21,2045,2055,2045,2055,1916.0
2015-12-22,2085,2085,2055,2071,3330.0
2015-12-23,2070,2070,2045,2066,31.0
2015-12-24,2050,2070,2050,2066,808.0
2015-12-28,2070,2070,2045,2045,41101.0
2015-12-29,2085,2085,2045,2071,4043.0
2015-12-30,2040,2080,2040,2071,46125.0
2016-01-04,2070,2070,2045,2071,3508.0
2016-01-05,2085,2085,2050,2071,1102.0
2016-01-06,2111,2111,2045,2050,737.0
2016-01-07,2080,2080,2045,2045,3595.0
2016-01-08,2050,2080,2050,2076,512.0
2016-01-11,2045,2065,2040,2045,7984.0
2016-01-12,2075,2075,2040,2076,7054.0
2016-01-13,2040,2080,2040,2081,675.0
2016-01-14,2080,2111,2045,2081,713.0
2016-01-15,2040,2075,2040,2040,470.0
2016-01-18,2040,2111,2040,2040,54.0
2016-01-19,2050,2055,2045,2045,10699.0
2016-01-20,2040,2131,2040,2045,1757.0
2016-01-21,2091,2091,2045,2045,33.0
2016-01-22,2045,2045,2045,2045,20.0
2016-01-25,2040,2045,2040,2040,7757.0
2016-01-26,2045,2045,2045,2045,0.0
2016-01-27,2045,2055,2045,2045,1019.0
2016-01-28,2045,2045,2040,2040,18538.0
2016-01-29,2029,2136,2029,2122,42702.0
2016-02-01,2091,2091,2050,2050,494.0
2016-02-02,2045,2055,2045,2045,2467.0
2016-02-03,2050,2106,2040,2106,307.0
2016-02-04,2040,2126,2040,2076,4462.0
2016-02-05,2045,2055,2040,2050,5326.0
2016-02-11,2075,2075,2040,2071,9855.0
2016-02-12,2045,2070,2034,2040,13917.0
2016-02-15,2040,2055,2040,2050,6667.0
2016-02-16,2091,2091,2034,2035,18.0
2016-02-17,2126,2126,2034,2035,1821.0
2016-02-18,2040,2065,2040,2055,10309.0
2016-02-19,2111,2111,2080,2086,15.0
2016-02-22,2070,2106,2040,2040,1105.0
2016-02-23,2039,2085,2039,2086,1087.0
2016-02-24,2060,2085,2029,2035,1736.0
2016-02-25,2034,2045,2034,2045,1950.0
2016-02-26,2070,2070,2034,2040,1667.0
2016-02-29,2055,2055,2050,2055,1881.0
2016-03-02,2040,2055,2034,2040,6770.0
2016-03-03,2040,2050,2034,2040,2716.0
2016-03-04,2050,2050,2034,2050,2744.0
2016-03-07,2034,2060,2034,2040,2018.0
2016-03-08,2034,2060,2034,2060,1357.0
2016-03-09,2040,2045,2040,2045,227.0
2016-03-10,2040,2045,2040,2040,3504.0
2016-03-11,2034,2045,2034,2045,2175.0
2016-03-14,2045,2045,2040,2045,20204.0
2016-03-15,2085,2085,2040,2045,10199.0
2016-03-16,2075,2075,2040,2066,40.0
2016-03-17,2040,2040,2034,2040,19577.0
2016-03-18,2034,2045,2034,2040,3570.0
2016-03-21,2080,2080,2045,2045,101.0
2016-03-22,2040,2045,2040,2045,563.0
2016-03-23,2034,2040,2034,2035,7477.0
2016-03-24,2040,2045,2034,2045,76.0
2016-03-25,2034,2045,2034,2045,1743.0
2016-03-28,2070,2070,2034,2035,5013.0
2016-03-29,2045,2045,2034,2035,8400.0
2016-03-30,2045,2045,2029,2030,522.0
2016-03-31,2050,2050,2029,2030,5005.0
2016-04-01,2040,2045,2029,2030,2162.0
2016-04-04,2050,2050,2029,2030,3925.0
2016-04-05,2034,2045,2029,2030,8383.0
2016-04-06,2045,2050,2034,2035,1503.0
2016-04-07,2060,2060,2034,2035,672.0
2016-04-08,2034,2055,1989,2030,17623.0
2016-04-11,2029,2040,2024,2030,3812.0
2016-04-12,2029,2040,2019,2040,21108.0
2016-04-14,2029,2060,2029,2060,1527.0
2016-04-15,2060,2060,1999,2060,11052.0
2016-04-18,2040,2045,2014,2030,410.0
2016-04-19,2034,2050,2024,2040,11945.0
2016-04-20,2029,2040,2019,2040,25768.0
2016-04-21,2034,2034,2019,2020,17501.0
2016-04-22,2019,2040,2019,2020,12016.0
2016-04-25,2019,2040,2004,2015,23576.0
2016-04-26,2014,2029,1994,2020,707.0
2016-04-27,2019,2024,2019,2020,21874.0
2016-04-28,2034,2040,2034,2040,1183.0
2016-04-29,2014,2034,2014,2035,5195.0
2016-05-02,2034,2034,2034,2035,0.0
2016-05-03,2040,2040,2014,2040,725.0
2016-05-04,2034,2040,2019,2040,3095.0
2016-05-09,2024,2029,2024,2030,1685.0
2016-05-10,2024,2040,2024,2040,101.0
2016-05-11,2009,2040,2009,2040,512.0
2016-05-12,2040,2040,2034,2040,5060.0
2016-05-13,2009,2029,2009,2025,3479.0
2016-05-16,2024,2040,2014,2040,2228.0
2016-05-17,2019,2040,2019,2030,958.0
2016-05-18,2019,2029,2009,2015,4075.0
2016-05-19,2034,2040,2014,2040,11605.0
2016-05-20,2024,2040,2024,2040,5379.0
2016-05-23,2019,2029,2014,2020,650.0
2016-05-24,2024,2024,2024,2025,38.0
2016-05-25,2024,2024,2024,2025,0.0
2016-05-26,2019,2019,2014,2020,33694.0
2016-05-27,2009,2029,1989,2004,11836.0
2016-05-30,1989,2029,1989,2015,133503.0
2016-05-31,1989,2024,1983,1994,64740.0
2016-06-01,1989,1989,1983,1984,13462.0
2016-06-02,2004,2004,1983,1989,2799.0
2016-06-03,1989,2004,1989,2004,79928.0
2016-06-07,1999,2004,1932,1984,301618.0
2016-06-08,1983,1989,1978,1989,2604.0
2016-06-09,1989,2009,1978,1989,499.0
2016-06-10,1978,2009,1978,1994,2697.0
2016-06-13,2004,2009,2004,2009,11.0
2016-06-14,1983,2004,1983,2004,64.0
2016-06-15,1978,1999,1978,1999,1206.0
2016-06-16,1983,2004,1983,2004,59.0
2016-06-17,1983,1999,1983,1999,10067.0
2016-06-20,1999,1999,1983,1989,43058.0
2016-06-21,1999,1999,1989,1999,2062.0
2016-06-22,1989,1994,1983,1984,10313.0
2016-06-23,1989,1999,1989,1999,3288.0
2016-06-24,1989,2004,1983,1999,31104.0
2016-06-27,1989,1999,1983,1999,7998.0
2016-06-28,1989,1999,1989,1999,3495.0
2016-06-29,1994,1999,1994,1999,8000.0
2016-06-30,1994,2040,1989,2035,18084.0
2016-07-01,2040,2050,2034,2045,68298.0
2016-07-04,2014,2050,2014,2050,3648.0
2016-07-05,2034,2050,2029,2045,8329.0
2016-07-06,2019,2045,2009,2045,15010.0
2016-07-07,2040,2040,2040,2040,927.0
2016-07-08,2040,2040,2034,2040,5700.0
2016-07-11,2040,2045,2040,2045,10406.0
2016-07-12,2050,2060,2045,2050,20076.0
2016-07-13,2055,2060,2040,2040,27145.0
2016-07-14,2040,2060,2040,2055,3560.0
2016-07-15,2040,2060,2040,2050,11755.0
2016-07-18,2055,2055,2040,2040,9460.0
2016-07-19,2060,2060,2040,2045,4671.0
2016-07-20,2050,2050,2040,2050,6522.0
2016-07-21,2040,2040,2034,2040,7933.0
2016-07-22,2034,2045,2029,2045,7808.0
2016-07-25,2029,2040,2029,2040,90.0
2016-07-26,2055,2055,2034,2055,1651.0
2016-07-27,2045,2060,2045,2060,240.0
2016-07-28,2040,2055,2040,2055,1392.0
2016-07-29,2060,2060,2060,2060,10.0
2016-08-01,2040,2055,2040,2055,437.0
2016-08-02,2060,2060,2039,2060,351.0
2016-08-03,2045,2060,2045,2060,273.0
2016-08-04,2040,2060,2040,2055,787.0
2016-08-05,2040,2055,2040,2055,360.0
2016-08-08,2040,2060,2040,2055,1093.0
2016-08-09,2040,2055,2040,2055,14.0
2016-08-10,2034,2034,2034,2035,39.0
2016-08-11,2034,2050,2024,2050,5050.0
2016-08-12,2029,2050,2029,2050,1460.0
2016-08-16,2060,2060,2024,2050,5015.0
2016-08-17,2024,2050,2024,2045,589.0
2016-08-18,2019,2045,2019,2035,38453.0
2016-08-19,2029,2045,2024,2030,1910.0
2016-08-22,2024,2029,2024,2025,4352.0
2016-08-23,2019,2029,2019,2025,3987.0
2016-08-24,2024,2045,2024,2040,8230.0
2016-08-25,2029,2045,2024,2040,4087.0
2016-08-26,2029,2050,2029,2045,10409.0
2016-08-29,2040,2060,2040,2040,3452.0
2016-08-30,2050,2091,2034,2035,11013.0
2016-08-31,2045,2080,2045,2071,11940.0
2016-09-01,2080,2080,2040,2071,6691.0
2016-09-02,2040,2075,2040,2050,14299.0
2016-09-05,2050,2055,2045,2055,2875.0
2016-09-06,2055,2096,2050,2050,3090.0
2016-09-07,2050,2085,2034,2050,29841.0
2016-09-08,2040,2050,2040,2050,3212.0
2016-09-09,2050,2050,2045,2045,1515.0
2016-09-12,2050,2050,2040,2050,397.0
2016-09-13,2034,2060,2034,2060,2014.0
2016-09-19,2080,2080,2040,2071,2963.0
2016-09-20,2045,2065,2029,2035,17777.0
2016-09-21,2060,2060,2040,2045,4564.0
2016-09-22,2040,2070,2040,2066,4420.0
2016-09-23,2040,2075,2040,2055,4780.0
2016-09-26,2060,2060,2039,2060,10467.0
2016-09-27,2034,2060,2034,2060,775.0
2016-09-28,2040,2055,2040,2055,1064.0
2016-09-29,2040,2121,2034,2066,6346.0
2016-09-30,2034,2060,2034,2060,4590.0
2016-10-04,2040,2075,2034,2066,3876.0
2016-10-05,2034,2080,2034,2040,5753.0
2016-10-06,2075,2075,2034,2035,1706.0
2016-10-07,2034,2040,2034,2040,2082.0
2016-10-10,2034,2080,2034,2040,3471.0
2016-10-11,2070,2070,2039,2060,65.0
2016-10-12,2065,2065,2065,2066,10.0
2016-10-13,2040,2060,2034,2050,5109.0
2016-10-14,2070,2070,2070,2071,10.0
2016-10-17,2045,2065,2039,2060,353.0
2016-10-18,2065,2065,2034,2050,58.0
2016-10-19,2040,2050,2034,2045,1797.0
2016-10-20,2040,2040,2034,2035,2684.0
2016-10-21,2060,2060,2034,2050,4176.0
2016-10-24,2040,2045,2040,2045,48.0
2016-10-25,2055,2055,2029,2045,1780.0
2016-10-26,2024,2050,2024,2040,9280.0
2016-10-27,2055,2055,2019,2050,2080.0
2016-10-28,2034,2050,2034,2050,1010.0
2016-10-31,2040,2050,2034,2050,1759.0
2016-11-01,2034,2040,2029,2040,1653.0
2016-11-02,2029,2040,2029,2040,1111.0
2016-11-03,2029,2034,2024,2025,89567.0
2016-11-04,2024,2029,2024,2030,8315.0
2016-11-07,2045,2045,2014,2040,2206.0
2016-11-08,2040,2040,2009,2035,8590.0
2016-11-09,2040,2040,2009,2030,6102.0
2016-11-10,2034,2034,2009,2030,27397.0
2016-11-11,2004,2029,2004,2030,71.0
2016-11-14,2014,2029,2009,2025,2589.0
2016-11-15,2019,2024,2004,2020,4108.0
2016-11-16,2024,2040,2009,2025,708.0
2016-11-17,2029,2029,2029,2030,11.0
2016-11-18,2029,2029,2019,2030,32.0
2016-11-21,2019,2029,2019,2030,26136.0
2016-11-22,2014,2024,2014,2025,8245.0
2016-11-23,2014,2029,2014,2030,5274.0
2016-11-24,2014,2029,2014,2030,623.0
2016-11-25,2024,2024,2024,2025,1010.0
2016-11-28,2014,2024,2014,2025,598.0
2016-11-29,2019,2034,2014,2035,6576.0
2016-11-30,2034,2034,2034,2035,10000.0
2016-12-01,2029,2034,2009,2035,6915.0
2016-12-02,2024,2029,2024,2030,432.0
2016-12-05,2009,2034,2009,2035,82.0
2016-12-06,2019,2034,2019,2035,1603.0
2016-12-07,2024,2034,2024,2035,999.0
2016-12-08,2024,2034,2024,2035,25.0
2016-12-09,2024,2034,2024,2035,89.0
2016-12-12,2024,2024,2024,2025,5049.0
2016-12-13,2034,2034,2019,2035,48.0
2016-12-14,2014,2034,2014,2035,2130.0
2016-12-15,2029,2029,2029,2030,0.0
2016-12-16,2019,2029,2019,2030,131.0
2016-12-19,2014,2029,2009,2025,6060.0
2016-12-20,2019,2029,2019,2020,13901.0
2016-12-21,2029,2029,2014,2020,2243.0
2016-12-22,2014,2029,2014,2030,1131.0
2016-12-23,2014,2029,2014,2030,203.0
2016-12-26,2009,2029,2009,2030,36.0
2016-12-27,2029,2029,2029,2030,0.0
2016-12-28,2009,2034,2009,2035,1150.0
2016-12-29,2034,2034,2034,2035,0.0
2017-01-02,2024,2024,2024,2025,7.0
2017-01-03,2014,2034,2014,2015,10006.0
2017-01-04,2009,2034,2009,2025,1144.0
2017-01-05,2009,2024,2009,2025,3206.0
2017-01-06,2024,2024,2024,2025,0.0
2017-01-09,2034,2034,1999,1999,1708.0
2017-01-10,1999,2004,1999,2004,1617.0
2017-01-11,2019,2024,2009,2009,369.0
2017-01-12,2004,2019,2004,2020,441.0
2017-01-13,2014,2014,2009,2015,365.0
2017-01-16,2019,2024,1999,2020,1746.0
2017-01-17,2024,2024,2004,2004,109.0
2017-01-18,1999,2029,1999,2004,461.0
2017-01-19,2009,2009,1999,2009,437.0
2017-01-20,1999,2034,1999,2030,363.0
2017-01-23,1999,2024,1999,2025,380.0
2017-01-24,1999,2019,1994,2020,28.0
2017-01-25,1999,1999,1989,1999,2389.0
2017-01-26,1989,1994,1983,1989,21224.0
2017-01-31,1994,2009,1989,1994,11769.0
2017-02-01,1994,1999,1994,1999,515.0
2017-02-02,1999,1999,1989,1994,812.0
2017-02-03,1994,1999,1978,1989,1713.0
2017-02-06,1994,1994,1989,1994,1575.0
2017-02-07,1983,1994,1983,1989,779.0
2017-02-08,1983,1994,1978,1984,12742.0
2017-02-09,1978,1989,1978,1989,22367.0
2017-02-10,1978,1994,1978,1994,5340.0
2017-02-13,1978,1994,1968,1969,16429.0
2017-02-14,1958,1968,1953,1969,225595.0
2017-02-15,1973,1978,1968,1974,3985.0
2017-02-16,1978,1978,1968,1979,3371.0
2017-02-17,1978,1978,1973,1979,13259.0
2017-02-20,1973,1983,1973,1984,1357.0
2017-02-21,1973,1989,1973,1984,4417.0
2017-02-22,1989,1989,1968,1984,6224.0
2017-02-23,1989,1989,1983,1984,38.0
2017-02-24,1973,1989,1973,1989,5545.0
2017-02-27,1994,1994,1973,1984,816.0
2017-02-28,1973,1989,1973,1979,13363.0
2017-03-02,1983,1999,1978,1989,22920.0
2017-03-03,1989,1989,1978,1989,3762.0
2017-03-06,2014,2014,1978,1994,6253.0
2017-03-07,1978,1994,1978,1994,479.0
2017-03-08,1978,1994,1978,1994,23445.0
2017-03-09,1978,1989,1978,1989,482.0
2017-03-10,1994,1999,1989,1999,14144.0
2017-03-13,1983,2004,1978,1999,23074.0
2017-03-14,1983,2004,1983,1999,1371.0
2017-03-15,1978,1999,1978,1994,19200.0
2017-03-16,1999,2004,1983,2004,8237.0
2017-03-17,2009,2040,2009,2020,56003.0
2017-03-20,2029,2060,1989,2030,45402.0
2017-03-21,2040,2040,2004,2025,11310.0
2017-03-22,2034,2034,2014,2020,3309.0
2017-03-23,2034,2034,1999,2020,13786.0
2017-03-24,2024,2029,2009,2030,6255.0
2017-03-27,2019,2034,2014,2025,21425.0
2017-03-28,2034,2034,2009,2035,5727.0
2017-03-29,2034,2040,2014,2040,36305.0
2017-03-30,2045,2045,2029,2040,2489.0
2017-03-31,2045,2050,2029,2050,17461.0
2017-04-03,2050,2060,2040,2040,58052.0
2017-04-04,2050,2065,2040,2055,57921.0
2017-04-05,2045,2055,2045,2055,28740.0
2017-04-06,2050,2050,2029,2040,39000.0
2017-04-07,2034,2034,2009,2020,35848.0
2017-04-10,2014,2029,2014,2025,11644.0
2017-04-11,2014,2029,2014,2030,17173.0
2017-04-12,2029,2029,2009,2025,23025.0
2017-04-13,2014,2024,2009,2015,16649.0
2017-04-14,2014,2024,2014,2020,15354.0
2017-04-17,2034,2034,2009,2020,17530.0
2017-04-18,2034,2034,2019,2025,3912.0
2017-04-19,2029,2029,2024,2030,6821.0
2017-04-20,2034,2034,2014,2020,4227.0
2017-04-21,2019,2040,2019,2030,8800.0
2017-04-24,2019,2034,2019,2030,8574.0
2017-04-25,2034,2034,2004,2020,248285.0
2017-04-26,2019,2034,2014,2025,13972.0
2017-04-27,2034,2034,2014,2025,2811.0
2017-04-28,2014,2034,2014,2025,12879.0
2017-05-02,2024,2024,2019,2020,33.0
2017-05-04,2029,2034,2019,2035,11649.0
2017-05-08,2014,2034,2014,2020,14267.0
2017-05-10,2019,2029,2019,2030,6040.0
2017-05-11,2034,2034,2019,2030,3619.0
2017-05-12,2029,2029,2024,2030,3370.0
2017-05-15,2029,2034,2009,2020,23507.0
2017-05-16,2019,2024,2014,2025,1639.0
2017-05-17,2014,2024,2014,2020,1815.0
2017-05-18,2019,2024,2014,2025,7577.0
2017-05-19,2024,2024,2019,2020,2113.0
2017-05-22,2014,2024,2014,2020,4379.0
2017-05-23,2014,2034,2009,2025,57913.0
2017-05-24,2029,2029,2014,2025,6313.0
2017-05-25,2029,2034,2014,2015,11377.0
2017-05-26,2024,2029,2009,2025,7460.0
2017-05-29,2024,2029,2014,2020,5827.0
2017-05-30,2029,2029,2009,2015,3928.0
2017-05-31,2029,2029,2009,2020,7421.0
2017-06-01,2024,2024,2009,2025,2484.0
2017-06-02,2014,2019,2014,2020,2346.0
2017-06-05,2014,2029,2014,2020,4729.0
2017-06-07,2024,2024,2009,2025,9808.0
2017-06-08,2014,2024,2009,2020,6498.0
2017-06-09,2009,2024,2009,2020,2488.0
2017-06-12,2014,2019,2009,2020,2154.0
2017-06-13,2019,2019,2009,2020,2004.0
2017-06-14,2024,2024,2019,2025,25468.0
2017-06-15,2014,2029,2014,2025,6375.0
2017-06-16,2019,2029,2019,2025,10758.0
2017-06-19,2019,2029,2019,2020,28400.0
2017-06-20,2014,2029,2014,2030,4114.0
2017-06-21,2029,2029,2009,2020,3590.0
2017-06-22,2014,2024,2014,2020,2577.0
2017-06-23,2029,2029,2009,2025,4731.0
2017-06-26,2029,2029,2014,2025,5760.0
2017-06-27,2029,2029,2019,2020,42682.0
2017-06-28,2019,2034,2019,2025,10014.0
2017-06-29,2029,2223,2019,2025,158344.0
2017-06-30,2024,2422,2024,2142,14696965.0
2017-07-03,2295,2397,2045,2050,3107769.0
2017-07-04,2080,2116,2034,2045,1028433.0
2017-07-05,2045,2060,2029,2030,483792.0
2017-07-06,2096,2182,2040,2045,3125245.0
2017-07-07,2040,2060,2034,2050,320873.0
2017-07-10,2065,2065,2034,2040,304913.0
2017-07-11,2060,2193,2055,2060,3145067.0
2017-07-12,2126,2126,2060,2066,565256.0
2017-07-13,2065,2080,2050,2071,348230.0
2017-07-14,2070,2070,2050,2060,219627.0
2017-07-17,2070,2075,2055,2060,111090.0
2017-07-18,2075,2075,2055,2055,96250.0
2017-07-19,2055,2065,2055,2060,85353.0
2017-07-20,2060,2060,2045,2060,97160.0
2017-07-21,2060,2065,2050,2050,77038.0
2017-07-24,2050,2060,2045,2055,48094.0
2017-07-25,2055,2060,2045,2045,61941.0
2017-07-26,2045,2045,2029,2035,124722.0
2017-07-27,2045,2055,2034,2050,72719.0
2017-07-28,2050,2050,2034,2035,33990.0
2017-07-31,2040,2050,2034,2045,50485.0
2017-08-01,2045,2045,2029,2035,114369.0
2017-08-02,2034,2045,2034,2045,41043.0
2017-08-03,2045,2045,2034,2040,70871.0
2017-08-04,2040,2050,2034,2045,23014.0
2017-08-07,2040,2045,2034,2045,25448.0
2017-08-08,2045,2060,2045,2055,76952.0
2017-08-09,2045,2060,2034,2040,34633.0
2017-08-10,2034,2050,2034,2040,43858.0
2017-08-11,2040,2045,2040,2040,31430.0
2017-08-14,2040,2040,2034,2040,39385.0
2017-08-16,2040,2050,2034,2045,60438.0
2017-08-17,2045,2050,2034,2040,15083.0
2017-08-18,2050,2055,2040,2045,15071.0
2017-08-21,2040,2055,2040,2045,26479.0
2017-08-22,2045,2055,2034,2055,42260.0
2017-08-23,2045,2050,2040,2050,53566.0
2017-08-24,2045,2050,2040,2040,42674.0
2017-08-25,2040,2040,2040,2040,0.0
2017-08-28,0,0,0,2040,0.0
2017-08-29,0,0,0,2040,0.0
2017-08-30,0,0,0,2040,0.0
2017-08-31,0,0,0,2040,0.0
2017-09-01,0,0,0,2040,0.0
2017-09-04,0,0,0,2040,0.0
2017-09-05,0,0,0,2040,0.0
2017-09-06,0,0,0,2040,0.0
2017-09-07,0,0,0,2040,0.0
2017-09-08,0,0,0,2040,0.0
2017-09-11,0,0,0,2040,0.0
2017-09-12,0,0,0,2040,0.0
2017-09-13,0,0,0,2040,0.0
2017-09-14,0,0,0,2040,0.0
2017-09-15,0,0,0,2040,0.0
2017-09-18,0,0,0,2040,0.0
2017-09-19,0,0,0,2040,0.0
2017-09-20,0,0,0,2040,0.0
2017-09-21,0,0,0,2040,0.0
2017-09-22,0,0,0,2040,0.0
2017-09-25,0,0,0,2040,0.0
2017-09-26,0,0,0,2040,0.0
2017-09-27,0,0,0,2040,0.0
2017-09-28,0,0,0,2040,0.0
2017-09-29,0,0,0,2040,0.0
2017-10-10,0,0,0,2040,0.0
2017-10-11,0,0,0,2040,0.0
2017-10-12,0,0,0,2040,0.0
2017-10-13,0,0,0,2040,0.0
2017-10-16,0,0,0,2040,0.0
2017-10-17,0,0,0,2040,0.0
2017-10-18,0,0,0,2040,0.0
2017-10-19,0,0,0,2040,0.0
2017-10-20,0,0,0,2040,0.0
2017-10-23,0,0,0,2040,0.0
2017-10-24,0,0,0,2040,0.0
2017-10-25,2040,2090,1980,1995,390472.0
2017-10-26,2000,2015,1990,2005,83296.0
2017-10-27,2010,2020,2000,2005,46883.0
2017-10-30,2005,2005,2000,2005,54887.0
2017-10-31,2005,2015,2000,2005,20514.0
2017-11-01,2005,2005,1995,2000,36980.0
2017-11-02,2000,2010,2000,2005,65673.0
2017-11-03,2005,2010,1995,2000,40708.0
2017-11-06,2000,2005,1995,2000,43121.0
2017-11-07,2000,2000,1995,1995,41019.0
2017-11-08,2000,2015,1995,2015,26525.0
2017-11-09,1995,2010,1995,2010,32935.0
2017-11-10,2010,2010,2000,2010,12454.0
2017-11-13,2010,2010,2000,2005,14149.0
2017-11-14,2010,2015,2000,2005,20133.0
2017-11-15,2005,2010,2000,2005,28469.0
2017-11-16,2005,2015,2000,2000,20959.0
2017-11-17,2000,2000,1995,2000,9888.0
2017-11-20,1995,2005,1990,2000,59879.0
2017-11-21,1995,2000,1970,1990,54073.0
2017-11-22,1970,2000,1950,1990,9565.0
2017-11-23,1990,1990,1975,1990,34994.0
2017-11-24,2000,2000,1975,1985,6521.0
2017-11-27,2000,2010,1990,1995,34801.0
2017-11-28,1980,2010,1980,2005,4628.0
2017-11-29,2010,2025,2000,2020,129159.0
2017-11-30,2025,2030,2010,2010,44235.0
2017-12-01,2015,2015,2000,2015,31120.0
2017-12-04,2010,2015,2005,2010,15016.0
2017-12-05,2005,2005,1995,2000,8614.0
2017-12-06,2000,2015,2000,2010,83831.0
2017-12-07,2010,2025,2000,2015,120063.0
2017-12-08,2020,2040,2005,2040,77397.0
2017-12-11,2040,2050,2010,2050,137812.0
2017-12-12,2040,2045,2010,2020,112625.0
2017-12-13,2045,2050,2015,2050,327433.0
2017-12-14,2025,2050,2020,2050,228803.0
2017-12-15,2025,2050,2020,2045,67526.0
2017-12-18,2045,2045,2015,2040,30416.0
2017-12-19,2010,2040,2010,2035,39466.0
2017-12-20,2035,2035,1900,1990,61196.0
2017-12-21,1955,1985,1930,1930,42015.0
2017-12-22,1960,1970,1850,1860,131577.0
2017-12-26,1890,1900,1830,1840,65754.0
2017-12-27,1880,1885,1840,1845,31845.0
2017-12-28,1870,1975,1840,1945,70405.0
2018-01-02,1905,2000,1905,2000,41326.0
2018-01-03,2000,2025,1950,2010,56239.0
2018-01-04,2025,2025,1985,2010,56865.0
2018-01-05,2025,2025,1950,2005,27944.0
2018-01-08,2005,2015,1985,1985,8826.0
2018-01-09,1990,1990,1950,1970,48787.0
2018-01-10,1970,1995,1935,1980,31889.0
2018-01-11,1920,1990,1920,1965,13297.0
2018-01-12,1995,1995,1955,1970,14228.0
2018-01-15,1970,1995,1915,1995,40380.0
2018-01-16,1990,2000,1955,1990,49144.0
2018-01-17,2030,2030,1970,1995,15297.0
2018-01-18,1990,2060,1980,1985,44624.0
2018-01-19,2020,2040,1990,2010,11929.0
2018-01-22,1985,2075,1985,2040,125549.0
2018-01-23,2005,2070,2005,2030,114335.0
2018-01-24,2070,2160,2030,2160,291759.0
2018-01-25,2170,2715,2110,2310,3441382.0
2018-01-26,2310,2400,2135,2145,1339821.0
2018-01-29,2135,2175,2060,2060,592062.0
2018-01-30,2070,2135,2070,2125,148227.0
2018-01-31,2120,2215,2105,2185,237566.0
2018-02-01,2215,2435,2210,2260,468199.0
2018-02-02,2260,2335,2235,2255,272929.0
2018-02-05,2230,2400,2230,2335,236830.0
2018-02-06,2300,2340,2240,2320,147874.0
2018-02-07,2325,2410,2300,2350,157253.0
2018-02-08,2395,2420,2300,2350,141156.0
2018-02-09,2310,2345,2225,2260,146143.0
2018-02-12,2265,2300,2135,2150,186647.0
2018-02-13,2145,2180,1930,1940,823673.0
2018-02-14,1960,2285,1940,2080,2181847.0
2018-02-19,2170,2190,2060,2105,402609.0
2018-02-20,2130,2235,2100,2120,943353.0
2018-02-21,2140,2150,2070,2110,106368.0
2018-02-22,2130,2130,2020,2020,200625.0
2018-02-23,2030,2055,2000,2000,112703.0
2018-02-26,2030,2030,1975,2000,101391.0
2018-02-27,2000,2020,1980,2000,84743.0
2018-02-28,2010,2035,1990,2015,99192.0
2018-03-02,2035,2250,2035,2125,1256461.0
2018-03-05,2135,2170,2060,2080,160009.0
2018-03-06,2080,2195,2065,2100,236465.0
2018-03-07,2095,2120,2075,2075,63159.0
2018-03-08,2070,2110,2045,2050,126435.0
2018-03-09,2050,2070,2020,2055,85793.0
2018-03-12,2065,2080,2040,2065,68149.0
2018-03-13,2085,2145,2065,2130,141178.0
2018-03-14,2130,2140,2085,2105,80106.0
2018-03-15,2115,2130,2070,2090,74202.0
2018-03-16,2085,2110,2080,2090,46744.0
2018-03-19,2100,2125,2055,2055,55900.0
2018-03-20,2065,2105,2055,2080,36194.0
2018-03-21,2070,2105,2055,2060,65132.0
2018-03-22,2060,2095,2040,2060,60638.0
2018-03-23,2010,2045,1985,2010,181830.0
2018-03-26,2005,2005,1910,1980,73596.0
2018-03-27,1960,2010,1960,1980,34480.0
2018-03-28,1940,1995,1905,1940,125976.0
2018-03-29,1990,1995,1915,1940,42699.0
2018-03-30,2020,2020,1925,1960,38293.0
2018-04-02,1970,2010,1955,1995,57027.0
2018-04-03,1990,1995,1900,1985,47370.0
2018-04-04,1990,1990,1880,1910,158865.0
2018-04-05,1885,1930,1820,1865,167294.0
2018-04-06,1835,1890,1835,1865,97356.0
2018-04-09,1855,1920,1855,1920,60240.0
2018-04-10,1920,1940,1890,1915,70147.0
2018-04-11,1900,1945,1900,1910,22649.0
2018-04-12,1895,1970,1895,1935,24677.0
2018-04-13,1975,1975,1935,1965,48250.0
2018-04-16,1965,2005,1950,1995,50066.0
2018-04-17,1995,2000,1965,1995,37433.0
2018-04-18,2010,2010,1960,1975,44012.0
2018-04-19,1950,1990,1950,1970,37669.0
2018-04-20,2000,2100,1970,2020,257711.0
2018-04-23,2020,2120,2020,2090,150537.0
2018-04-24,2090,2090,2045,2070,99852.0
2018-04-25,2070,2085,2045,2080,61503.0
2018-04-26,2070,2135,2045,2070,133437.0
2018-04-27,2095,2095,2040,2065,35180.0
2018-04-30,2050,2095,2040,2060,24519.0
2018-05-02,2045,2070,2010,2040,67081.0
2018-05-03,2040,2060,2025,2045,16302.0
2018-05-04,2045,2235,2045,2150,762547.0
2018-05-08,2130,2205,2110,2175,220113.0
2018-05-09,2175,2175,2070,2110,182465.0
2018-05-10,2110,2135,2095,2110,93769.0
2018-05-11,2110,2205,2110,2185,149881.0
2018-05-14,2165,2230,2165,2200,139115.0
2018-05-15,2220,2230,2140,2170,152811.0
2018-05-16,2120,2170,2080,2120,115756.0
2018-05-17,2150,2175,2100,2175,32036.0
2018-05-18,2195,2350,2170,2255,530928.0
2018-05-21,2280,2425,2260,2365,566130.0
2018-05-23,2415,2415,2305,2335,149643.0
2018-05-24,2295,2335,2200,2275,241723.0
2018-05-25,2200,2360,2175,2300,223188.0
2018-05-28,2305,2350,2185,2350,259814.0
2018-05-29,2350,2350,2270,2300,76136.0
2018-05-30,2340,2340,2195,2290,163139.0
2018-05-31,2325,2325,2230,2280,96088.0
2018-06-01,2325,2325,2230,2295,123069.0
2018-06-04,2300,2330,2250,2280,89554.0
2018-06-05,2235,2295,2220,2245,72235.0
2018-06-07,2245,2290,2185,2230,78580.0
2018-06-08,2200,2245,2190,2210,118783.0
2018-06-11,2190,2215,2175,2200,41551.0
2018-06-12,2200,2230,2115,2130,87003.0
2018-06-14,2130,2155,2065,2140,86585.0
2018-06-15,2140,2180,2065,2160,84510.0
2018-06-18,2160,2195,2125,2160,41987.0
2018-06-19,2160,2160,2070,2115,58951.0
2018-06-20,2115,2115,2070,2100,28318.0
2018-06-21,2100,2135,2060,2095,22125.0
2018-06-22,2095,2155,2060,2080,18520.0
2018-06-25,2080,2360,2050,2265,944764.0
2018-06-26,2255,2255,2195,2235,111809.0
2018-06-27,2235,2620,2130,2130,5790705.0
2018-06-28,2260,2315,2110,2130,1091270.0
2018-06-29,2175,2195,2110,2125,421881.0
2018-07-02,2095,2220,2095,2125,437724.0
2018-07-03,2155,2200,2085,2135,310844.0
2018-07-04,2120,2220,2120,2190,248614.0
2018-07-05,2210,2210,2075,2085,193297.0
2018-07-06,2085,2110,2005,2095,184987.0
2018-07-09,2065,2120,2055,2080,41486.0
2018-07-10,2100,2110,2050,2085,59975.0
2018-07-11,2105,2105,2045,2050,60202.0
2018-07-12,2065,2090,2035,2050,69648.0
2018-07-13,2065,2070,2040,2065,56341.0
2018-07-16,2085,2085,2035,2040,38640.0
2018-07-17,2060,2080,2035,2035,26412.0
2018-07-18,2055,2060,1995,2030,71695.0
2018-07-19,2000,2040,1955,1990,58712.0
2018-07-20,1960,2030,1930,1995,60943.0
2018-07-23,1955,2005,1935,1985,41661.0
2018-07-24,1965,2020,1955,2005,19852.0
2018-07-25,2005,2005,1955,1985,25909.0
2018-07-26,1985,2040,1960,1985,16863.0
2018-07-27,1985,2030,1955,2020,26765.0
2018-07-30,2020,2020,1990,2015,17713.0
2018-07-31,2020,2145,1990,2100,178034.0
2018-08-01,2130,2130,2060,2095,60952.0
2018-08-02,2065,2120,2055,2055,29650.0
2018-08-03,2040,2080,2040,2040,20960.0
2018-08-06,2040,2380,2040,2165,1571214.0
2018-08-07,2160,2160,2100,2110,208205.0
2018-08-08,2080,2120,2035,2035,214085.0
2018-08-09,2040,2065,2005,2065,79039.0
2018-08-10,2040,2055,2010,2015,52753.0
2018-08-13,1980,2025,1940,1940,133591.0
2018-08-14,2020,2020,1895,1925,77402.0
2018-08-16,1860,1925,1860,1865,76068.0
2018-08-17,1885,1910,1860,1880,31430.0
2018-08-20,1920,1920,1870,1875,69893.0
2018-08-21,1870,1895,1870,1890,51083.0
2018-08-22,1875,1955,1855,1945,81984.0
2018-08-23,1920,1990,1920,1950,67303.0
2018-08-24,1945,1970,1940,1940,17614.0
2018-08-27,1990,1990,1905,1955,23033.0
2018-08-28,1970,1970,1940,1955,22721.0
2018-08-29,1945,1965,1915,1925,59336.0
2018-08-30,1905,1950,1900,1945,306295.0
2018-08-31,1945,1950,1910,1940,87679.0
2018-09-03,1935,1940,1895,1895,103385.0
2018-09-04,1890,1900,1855,1875,108876.0
2018-09-05,1890,1890,1835,1840,91712.0
2018-09-06,1870,1870,1820,1840,94353.0
2018-09-07,1845,1845,1800,1805,78845.0
2018-09-10,1785,1850,1785,1810,80778.0
2018-09-11,1820,1830,1790,1800,69082.0
2018-09-12,1835,1835,1750,1780,135889.0
2018-09-13,1755,1800,1750,1800,37881.0
2018-09-14,1800,1805,1790,1800,62748.0
2018-09-17,1800,1800,1755,1760,65346.0
2018-09-18,1760,1760,1605,1610,454850.0
2018-09-19,1615,1650,1565,1590,167081.0
2018-09-20,1590,1595,1460,1525,449297.0
2018-09-21,1545,1785,1510,1630,2670226.0
2018-09-27,1625,1625,1520,1520,306898.0
2018-09-28,1515,1580,1490,1555,122633.0
2018-10-01,1555,1595,1520,1585,78041.0
2018-10-02,1585,1610,1555,1555,89000.0
2018-10-04,1555,1555,1510,1540,69850.0
2018-10-05,1550,1550,1470,1485,101309.0
2018-10-08,1490,1525,1485,1495,45947.0
2018-10-10,1500,1545,1380,1380,144220.0
2018-10-11,1320,1400,1320,1370,121240.0
2018-10-12,1300,1420,1300,1420,57593.0
2018-10-15,1420,1540,1395,1440,97202.0
2018-10-16,1460,1535,1440,1490,128059.0
2018-10-17,1540,1615,1510,1520,661420.0
2018-10-18,1515,1550,1510,1535,56163.0
2018-10-19,1520,1575,1505,1560,52773.0
2018-10-22,1550,1605,1535,1580,51932.0
2018-10-23,1545,1595,1520,1540,67705.0
2018-10-24,1540,1600,1505,1540,92849.0
2018-10-25,1500,1565,1390,1390,181317.0
2018-10-26,1395,1430,1305,1370,140382.0
2018-10-29,1300,1355,1125,1160,444702.0
2018-10-30,1110,1285,1100,1285,565905.0
2018-10-31,1330,1370,1170,1245,911747.0
2018-11-01,1270,1325,1250,1310,156746.0
2018-11-02,1320,1395,1320,1395,120561.0
2018-11-05,1395,1410,1350,1385,44965.0
2018-11-06,1415,1415,1360,1405,66634.0
2018-11-07,1415,1450,1380,1410,86153.0
2018-11-08,1450,1480,1385,1435,51452.0
2018-11-09,1435,1495,1375,1420,89981.0
2018-11-12,1405,1415,1290,1335,150755.0
2018-11-13,1290,1390,1250,1325,106784.0
2018-11-14,1325,1720,1285,1655,6001627.0
2018-11-15,1655,1710,1545,1590,1486756.0
2018-11-16,1575,1610,1540,1600,466179.0
2018-11-19,1585,1640,1560,1640,548024.0
2018-11-20,1625,1655,1555,1655,678411.0
2018-11-21,1625,1670,1585,1625,397905.0
2018-11-22,1630,1635,1525,1530,291799.0
2018-11-23,1575,1575,1405,1405,541086.0
2018-11-26,1405,1425,1335,1405,291074.0
2018-11-27,1400,1535,1395,1450,357638.0
2018-11-28,1460,1475,1385,1410,209560.0
2018-11-29,1445,1455,1400,1400,134871.0
2018-11-30,1390,1440,1390,1425,72463.0
2018-12-03,1440,1495,1435,1465,237229.0
2018-12-04,1470,1515,1455,1495,192931.0
2018-12-05,1470,1505,1435,1495,92109.0
2018-12-06,1525,1525,1440,1460,93168.0
2018-12-07,1495,1580,1460,1515,499893.0
2018-12-10,1495,1535,1420,1460,205347.0
2018-12-11,1460,1560,1435,1530,294598.0
2018-12-12,1530,1555,1500,1540,143736.0
2018-12-13,1565,1565,1510,1525,115550.0
2018-12-14,1525,1525,1440,1460,146446.0
2018-12-17,1435,1465,1380,1450,99481.0
2018-12-18,1450,1455,1355,1380,266896.0
2018-12-19,1365,1390,1335,1370,130328.0
2018-12-20,1350,1380,1300,1340,102821.0
2018-12-21,1340,1350,1315,1315,39547.0
2018-12-24,1305,1355,1295,1325,49494.0
2018-12-26,1265,1330,1265,1295,38533.0
2018-12-27,1315,1360,1295,1330,46428.0
2018-12-28,1330,1360,1305,1340,33021.0
2019-01-02,1370,1370,1315,1335,33039.0
2019-01-03,1335,1370,1275,1280,43999.0
2019-01-04,1280,1325,1260,1320,69713.0
2019-01-07,1345,1360,1320,1350,35177.0
2019-01-08,1350,1360,1330,1340,21948.0
2019-01-09,1360,1430,1335,1385,100894.0
2019-01-10,1385,1455,1360,1400,155322.0
2019-01-11,1400,1470,1390,1410,104170.0
2019-01-14,1420,1440,1410,1430,57188.0
2019-01-15,1405,1630,1400,1475,2055368.0
2019-01-16,1485,1535,1465,1480,596977.0
2019-01-17,1535,1535,1430,1445,262201.0
2019-01-18,1445,1475,1420,1455,105140.0
2019-01-21,1460,1525,1440,1495,200398.0
2019-01-22,1490,1565,1480,1545,227305.0
2019-01-23,1545,1545,1500,1515,109987.0
2019-01-24,1540,1570,1510,1515,71015.0
2019-01-25,1540,1540,1485,1515,71795.0
2019-01-28,1515,1570,1470,1505,89313.0
2019-01-29,1490,1520,1450,1475,92182.0
2019-01-30,1490,1490,1450,1485,48306.0
2019-01-31,1485,1500,1465,1480,109418.0
2019-02-01,1515,1515,1465,1485,55865.0
2019-02-07,1495,1555,1475,1545,134406.0
2019-02-08,1545,1580,1525,1550,62867.0
2019-02-11,1545,1570,1525,1560,97354.0
2019-02-12,1575,1575,1530,1570,34789.0
2019-02-13,1570,1685,1505,1550,630391.0
2019-02-14,1570,1590,1525,1565,121810.0
2019-02-15,1580,1580,1540,1555,64214.0
2019-02-18,1555,1765,1555,1635,1528848.0
2019-02-19,1635,1705,1610,1675,570331.0
2019-02-20,1680,1700,1640,1665,195891.0
2019-02-21,1650,1670,1620,1665,108669.0
2019-02-22,1645,1660,1575,1625,124263.0
2019-02-25,1630,1640,1590,1630,56565.0
2019-02-26,1630,1635,1590,1620,106036.0
2019-02-27,1625,1625,1570,1600,60325.0
2019-02-28,1580,1615,1475,1500,136716.0
2019-03-04,1500,1540,1500,1520,171081.0
2019-03-05,1520,1550,1505,1540,95201.0
2019-03-06,1600,1815,1600,1620,3741677.0
2019-03-07,1620,1625,1555,1610,513616.0
2019-03-08,1580,1590,1540,1560,215552.0
2019-03-11,1550,1575,1505,1520,125463.0
2019-03-12,1520,1570,1510,1570,156049.0
2019-03-13,1570,1670,1545,1630,673420.0
2019-03-14,1655,1665,1595,1660,311959.0
2019-03-15,1645,1655,1530,1595,371089.0
2019-03-18,1590,1625,1540,1570,178749.0
2019-03-19,1550,1580,1545,1570,150379.0
2019-03-20,1570,1575,1505,1570,129700.0
2019-03-21,1720,1860,1565,1570,1555005.0
2019-03-22,1560,1590,1540,1555,211105.0
2019-03-25,1555,1575,1515,1525,88171.0
2019-03-26,1520,1615,1520,1610,218454.0
2019-03-27,1610,1615,1570,1590,114098.0
2019-03-28,1595,1595,1555,1565,80706.0
2019-03-29,1560,1680,1560,1650,491627.0
2019-04-01,1650,1695,1630,1690,205170.0
2019-04-02,1690,1700,1655,1695,225254.0
2019-04-03,1675,1680,1570,1605,270309.0
2019-04-04,1605,1615,1545,1580,225434.0
2019-04-05,1580,1640,1580,1640,115087.0
2019-04-08,1640,1680,1600,1605,87578.0
2019-04-09,1605,1630,1585,1590,41068.0
2019-04-10,1610,1630,1580,1610,55101.0
2019-04-11,1610,1640,1595,1600,69746.0
2019-04-12,1600,1610,1560,1580,169078.0
2019-04-15,1585,1600,1555,1560,146680.0
2019-04-16,1565,1580,1545,1580,83317.0
2019-04-17,1580,1665,1580,1665,445672.0
2019-04-18,1660,1675,1600,1625,286377.0
2019-04-19,1615,1660,1610,1660,152182.0
2019-04-22,1680,1690,1650,1655,217322.0
2019-04-23,1650,1755,1630,1745,1518880.0
2019-04-24,1745,1745,1690,1700,635068.0
2019-04-25,1670,1690,1625,1685,427627.0
2019-04-26,1685,1690,1635,1670,325719.0
2019-04-29,1680,1700,1650,1695,385600.0
2019-04-30,1695,1695,1645,1645,267503.0
2019-05-02,1630,1675,1630,1665,321879.0
2019-05-03,1665,1695,1640,1685,175072.0
2019-05-07,1650,1765,1650,1755,947230.0
2019-05-08,1750,1755,1685,1715,430609.0
2019-05-09,1720,1720,1585,1620,613565.0
2019-05-10,1620,1645,1535,1600,508411.0
2019-05-13,1605,1630,1560,1575,180979.0
2019-05-14,1530,1600,1505,1580,220999.0
2019-05-15,1580,1610,1575,1605,104306.0
2019-05-16,1585,1600,1530,1535,190127.0
2019-05-17,1545,1570,1505,1520,71448.0
2019-05-20,1520,1555,1495,1500,87318.0
2019-05-21,1485,1525,1430,1465,239116.0
2019-05-22,1470,1475,1420,1475,166095.0
2019-05-23,1475,1475,1385,1385,282966.0
2019-05-24,1380,1515,1375,1420,448505.0
2019-05-27,1405,1495,1405,1475,103715.0
2019-05-28,1475,1490,1450,1475,50497.0
2019-05-29,1495,1495,1440,1475,34443.0
2019-05-30,1470,1505,1430,1475,63706.0
2019-05-31,1460,1465,1430,1465,65043.0
2019-06-03,1465,1465,1425,1425,37335.0
2019-06-04,1425,1465,1425,1460,24933.0
2019-06-05,1455,1490,1430,1450,73587.0
2019-06-07,1450,1460,1440,1460,46770.0
2019-06-10,1460,1510,1450,1490,192537.0
2019-06-11,1475,1510,1475,1495,128015.0
2019-06-12,1500,1500,1465,1490,42892.0
2019-06-13,1490,1535,1465,1535,88641.0
2019-06-14,1530,1550,1505,1530,104435.0
2019-06-17,1520,1525,1495,1525,91092.0
2019-06-18,1515,1530,1495,1495,52066.0
2019-06-19,1500,1520,1495,1520,89768.0
2019-06-20,1525,1525,1490,1515,58329.0
2019-06-21,1515,1560,1460,1525,78233.0
2019-06-24,1525,1570,1505,1515,102096.0
2019-06-25,1515,1540,1500,1515,58536.0
2019-06-26,1515,1525,1495,1520,51133.0
2019-06-27,1495,1515,1470,1470,95639.0
2019-06-28,1470,1480,1420,1440,113275.0
2019-07-01,1455,1470,1440,1460,62995.0
2019-07-02,1455,1520,1430,1500,78877.0
2019-07-03,1500,1555,1470,1540,258189.0
2019-07-04,1530,1560,1500,1515,271047.0
2019-07-05,1515,1630,1505,1630,1129448.0
2019-07-08,1625,1625,1515,1575,634690.0
2019-07-09,1580,1585,1490,1530,356351.0
2019-07-10,1530,1600,1510,1520,251677.0
2019-07-11,1525,1575,1485,1565,182915.0
2019-07-12,1565,1580,1530,1540,96831.0
2019-07-15,1565,1570,1515,1530,85400.0
2019-07-16,1510,1545,1500,1545,138942.0
2019-07-17,1575,1825,1540,1635,8134640.0
2019-07-18,1655,1660,1585,1650,1062998.0
2019-07-19,1650,1670,1600,1670,901080.0
2019-07-22,1675,1680,1635,1640,729271.0
2019-07-23,1620,1640,1515,1525,1079325.0
2019-07-24,1510,1530,1470,1490,402166.0
2019-07-25,1480,1505,1390,1435,568515.0
2019-07-26,1435,1455,1400,1440,185812.0
2019-07-29,1425,1430,1295,1300,540642.0
2019-07-30,1300,1580,1300,1375,5751617.0
2019-07-31,1350,1365,1275,1340,789898.0
2019-08-01,1320,1355,1305,1305,282866.0
2019-08-02,1280,1335,1270,1310,288972.0
2019-08-05,1315,1400,1270,1310,1211182.0
2019-08-06,1270,1350,1160,1240,1006986.0
2019-08-07,1260,1440,1260,1340,2017593.0
2019-08-08,1360,1390,1310,1360,614489.0
2019-08-09,1360,1380,1330,1340,384050.0
2019-08-12,1335,1350,1320,1345,162595.0
2019-08-13,1330,1355,1305,1320,178390.0
2019-08-14,1325,1405,1315,1390,514549.0
2019-08-16,1430,1485,1355,1360,1387583.0
2019-08-19,1380,1390,1350,1370,254654.0
2019-08-20,1370,1395,1350,1390,239543.0
2019-08-21,1385,1415,1380,1410,150465.0
2019-08-22,1425,1425,1355,1375,213008.0
2019-08-23,1375,1415,1350,1405,278616.0
2019-08-26,1380,1400,1295,1300,318841.0
2019-08-27,1320,1345,1305,1310,139914.0
2019-08-28,1325,1375,1310,1370,94196.0
2019-08-29,1380,1380,1315,1330,134323.0
2019-08-30,1340,1365,1330,1350,95610.0
2019-09-02,1350,1365,1335,1360,147310.0
2019-09-03,1365,1395,1340,1370,295404.0
2019-09-04,1370,1395,1365,1380,186770.0
2019-09-05,1380,1390,1360,1370,177196.0
2019-09-06,1380,1385,1350,1365,115576.0
2019-09-09,1365,1390,1355,1380,159477.0
2019-09-10,1430,1440,1365,1370,534175.0
2019-09-11,1365,1395,1365,1380,103936.0
2019-09-16,1380,1420,1375,1420,229452.0
2019-09-17,1405,1415,1380,1415,294272.0
2019-09-18,1400,1415,1385,1400,143430.0
2019-09-19,1400,1410,1385,1395,149024.0
2019-09-20,1405,1405,1365,1400,213692.0
2019-09-23,1400,1400,1380,1385,78860.0
2019-09-24,1385,1405,1375,1400,106566.0
2019-09-25,1400,1400,1335,1335,226043.0
2019-09-26,1340,1360,1300,1315,143214.0
2019-09-27,1315,1355,1290,1350,125040.0
2019-09-30,1345,1345,1300,1310,52363.0
2019-10-01,1310,1335,1300,1330,98313.0
2019-10-02,1320,1325,1295,1315,87706.0
2019-10-04,1315,1315,1280,1300,116890.0
2019-10-07,1300,1315,1275,1300,83726.0
2019-10-08,1300,1310,1290,1310,60265.0
2019-10-10,1295,1325,1295,1310,64698.0
2019-10-11,1350,1365,1305,1310,90150.0
2019-10-14,1315,1340,1310,1315,66404.0
2019-10-15,1315,1340,1315,1325,65309.0
2019-10-16,1330,1345,1320,1345,53834.0
2019-10-17,1335,1375,1330,1370,150690.0
2019-10-18,1370,1385,1355,1355,73131.0
2019-10-21,1360,1370,1325,1335,41264.0
2019-10-22,1335,1360,1325,1345,77087.0
2019-10-23,1320,1345,1310,1335,95747.0
2019-10-24,1335,1340,1310,1330,66397.0
2019-10-25,1330,1330,1300,1320,75305.0
2019-10-28,1320,1340,1315,1320,81922.0
2019-10-29,1320,1340,1315,1335,92012.0
2019-10-30,1330,1390,1320,1365,154973.0
2019-10-31,1365,1395,1335,1365,89720.0
2019-11-01,1365,1370,1335,1345,67661.0
2019-11-04,1345,1355,1325,1340,101532.0
2019-11-05,1340,1360,1335,1350,47578.0
2019-11-06,1350,1365,1330,1365,55843.0
2019-11-07,1365,1370,1335,1360,90093.0
2019-11-08,1360,1360,1340,1355,67910.0
2019-11-11,1355,1360,1340,1355,146028.0
2019-11-12,1355,1360,1340,1360,62267.0
2019-11-13,1360,1365,1345,1360,46752.0
2019-11-14,1360,1360,1335,1350,101715.0
2019-11-15,1350,1360,1335,1345,66214.0
2019-11-18,1345,1345,1325,1335,56414.0
2019-11-19,1335,1335,1285,1320,213590.0
2019-11-20,1320,1320,1275,1280,132104.0
2019-11-21,1280,1280,1240,1255,123409.0
2019-11-22,1250,1265,1235,1240,62029.0
2019-11-25,1240,1270,1235,1270,79123.0
2019-11-26,1270,1295,1260,1280,93231.0
2019-11-27,1280,1295,1265,1275,43372.0
2019-11-28,1275,1300,1260,1275,52257.0
2019-11-29,1275,1275,1235,1235,85040.0
2019-12-02,1235,1240,1205,1210,75055.0
2019-12-03,1210,1270,1200,1245,89515.0
2019-12-04,1240,1295,1215,1215,47617.0
2019-12-05,1220,1225,1185,1200,70888.0
2019-12-06,1200,1215,1180,1200,41209.0
2019-12-09,1200,1225,1195,1200,41112.0
2019-12-10,1225,1235,1195,1205,72737.0
2019-12-11,1215,1225,1200,1210,21340.0
2019-12-12,1210,1275,1205,1245,60248.0
2019-12-13,1245,1260,1240,1250,22918.0
2019-12-16,1270,1270,1250,1255,23561.0
2019-12-17,1255,1290,1245,1265,61087.0
2019-12-18,1265,1275,1235,1240,43526.0
2019-12-19,1240,1260,1235,1240,26910.0
2019-12-20,1240,1260,1205,1240,75637.0
2019-12-23,1240,1250,1220,1245,56775.0
2019-12-24,1245,1250,1230,1240,23735.0
2019-12-26,1245,1280,1230,1275,69711.0
2019-12-27,1275,1290,1260,1275,36945.0
2019-12-30,1275,1310,1265,1275,41943.0
2020-01-02,1265,1295,1255,1280,53073.0
2020-01-03,1280,1285,1255,1265,67858.0
2020-01-06,1260,1260,1230,1240,49237.0
2020-01-07,1230,1290,1230,1265,35581.0
2020-01-08,1265,1280,1215,1215,110784.0
2020-01-09,1225,1250,1220,1250,37017.0
2020-01-10,1250,1265,1245,1260,32681.0
2020-01-13,1270,1285,1260,1270,62929.0
2020-01-14,1275,1375,1265,1305,491334.0
2020-01-15,1310,1325,1295,1310,186150.0
2020-01-16,1310,1360,1310,1360,412699.0
2020-01-17,1360,1360,1330,1350,149523.0
2020-01-20,1350,1365,1320,1325,74024.0
2020-01-21,1315,1325,1290,1315,59442.0
2020-01-22,1315,1335,1315,1325,41501.0
2020-01-23,1325,1345,1300,1305,26912.0
2020-01-28,1275,1275,1225,1235,126454.0
2020-01-29,1235,1290,1235,1290,38511.0
2020-01-30,1290,1290,1260,1265,53083.0
2020-01-31,1265,1305,1265,1280,91161.0
2020-02-03,1260,1265,1210,1265,62282.0
2020-02-04,1250,1305,1250,1305,61289.0
2020-02-05,1310,1330,1290,1315,32333.0
2020-02-06,1315,1315,1295,1305,44012.0
2020-02-07,1290,1305,1280,1295,46466.0
2020-02-10,1335,1395,1285,1300,633306.0
2020-02-11,1300,1320,1285,1305,100885.0
2020-02-12,1315,1320,1295,1305,41255.0
2020-02-13,1350,1375,1285,1290,415871.0
2020-02-14,1295,1310,1285,1295,111820.0
2020-02-17,1295,1370,1295,1370,505318.0
2020-02-18,1360,1390,1325,1380,519298.0
2020-02-19,1390,1390,1330,1355,198879.0
2020-02-20,1355,1355,1320,1330,93798.0
2020-02-21,1315,1340,1285,1290,153272.0
2020-02-24,1290,1290,1235,1265,155838.0
2020-02-25,1245,1310,1245,1295,118858.0
2020-02-26,1295,1300,1280,1300,38306.0
2020-02-27,1300,1305,1235,1260,84443.0
2020-02-28,1210,1255,1135,1135,286926.0
2020-03-02,1135,1160,1105,1145,59404.0
2020-03-03,1190,1215,1165,1190,96979.0
2020-03-04,1175,1230,1175,1220,79305.0
2020-03-05,1225,1235,1205,1220,59515.0
2020-03-06,1220,1245,1180,1195,55083.0
2020-03-09,1195,1195,1090,1115,119350.0
2020-03-10,1100,1145,1075,1135,95394.0
2020-03-11,1140,1160,1100,1135,97351.0
2020-03-12,1115,1135,1000,1030,184303.0
2020-03-13,831,970,820,926,398682.0
2020-03-16,900,945,860,863,205768.0
2020-03-17,801,850,760,830,161824.0
2020-03-18,822,890,710,710,108009.0
2020-03-19,714,766,582,607,294411.0
2020-03-20,593,654,593,641,403574.0
2020-03-23,606,620,571,579,198530.0
2020-03-24,587,625,587,624,134537.0
2020-03-25,636,698,636,673,175333.0
2020-03-26,676,730,676,726,197557.0
2020-03-27,729,770,678,709,291509.0
2020-03-30,698,739,669,728,146871.0
2020-03-31,788,795,751,789,224534.0
2020-04-01,805,857,789,800,253506.0
2020-04-02,800,831,791,813,230795.0
2020-04-03,813,879,813,873,172108.0
2020-04-06,876,932,873,927,170317.0
2020-04-07,967,967,926,959,191892.0
2020-04-08,959,988,939,946,164978.0
2020-04-09,990,990,951,955,68596.0
2020-04-10,956,979,920,951,170923.0
2020-04-13,951,957,892,892,112387.0
2020-04-14,892,946,892,945,139740.0
2020-04-16,945,979,925,949,112003.0
2020-04-17,946,985,946,978,132587.0
2020-04-20,997,1005,978,980,118133.0
2020-04-21,980,999,890,931,156661.0
2020-04-22,928,957,900,957,99599.0
2020-04-23,957,995,957,995,119994.0
2020-04-24,1000,1000,963,992,109521.0
2020-04-27,985,998,966,977,105765.0
2020-04-28,977,1045,958,1020,195013.0
2020-04-29,1060,1090,999,1070,455855.0
2020-05-04,1100,1200,1060,1065,3647613.0
2020-05-06,1070,1090,1050,1075,305125.0
2020-05-07,1075,1110,1065,1080,262235.0
2020-05-08,1080,1100,1065,1070,170126.0
2020-05-11,1070,1085,1060,1060,94258.0
2020-05-12,1070,1085,1015,1040,178898.0
2020-05-13,1040,1070,1010,1070,127739.0
2020-05-14,1050,1070,1030,1030,87066.0
2020-05-15,1030,1045,1010,1030,88450.0
2020-05-18,1030,1070,1020,1070,149331.0
2020-05-19,1070,1090,1040,1070,171185.0
2020-05-20,1060,1080,1045,1060,111785.0
2020-05-21,1070,1095,1060,1090,149129.0
2020-05-22,1090,1325,1075,1170,10122097.0
2020-05-25,1160,1200,1155,1190,804032.0
2020-05-26,1195,1210,1155,1185,587416.0
2020-05-27,1175,1225,1170,1175,682528.0
2020-05-28,1175,1185,1105,1145,636664.0
2020-05-29,1145,1145,1115,1120,196040.0
2020-06-01,1120,1160,1120,1155,158947.0
2020-06-02,1155,1165,1130,1165,141800.0
2020-06-03,1170,1185,1140,1140,219990.0
2020-06-04,1145,1190,1125,1160,423359.0
2020-06-05,1170,1180,1145,1160,109786.0
2020-06-08,1160,1160,1125,1155,148834.0
2020-06-09,1155,1160,1135,1150,104234.0
2020-06-10,1150,1155,1085,1120,308611.0
2020-06-11,1120,1150,1110,1115,180261.0
2020-06-12,1055,1115,1045,1105,192565.0
2020-06-15,1095,1100,965,971,318539.0
2020-06-16,974,1025,974,1005,187067.0
2020-06-17,1015,1035,999,1020,117765.0
2020-06-18,1020,1070,1020,1070,235188.0
2020-06-19,1070,1110,1050,1075,216550.0
2020-06-22,1120,1120,1075,1080,146210.0
2020-06-23,1080,1095,1045,1055,110038.0
2020-06-24,1060,1065,1025,1035,111411.0
2020-06-25,1035,1055,1020,1040,48277.0
2020-06-26,1030,1070,1025,1045,83061.0
2020-06-29,1045,1050,1010,1015,81290.0
2020-06-30,1015,1030,1010,1015,127204.0
2020-07-01,1020,1040,1015,1030,88730.0
2020-07-02,1030,1060,1025,1040,46175.0
2020-07-03,1050,1060,1040,1055,63595.0
2020-07-06,1055,1070,1050,1065,38657.0
2020-07-07,1060,1065,1035,1040,79772.0
2020-07-08,1040,1060,1030,1040,33723.0
2020-07-09,1040,1050,1030,1030,48500.0
2020-07-10,1050,1050,1020,1030,53535.0
2020-07-13,1030,1045,1025,1045,36815.0
2020-07-14,1035,1050,1030,1035,39070.0
2020-07-15,1035,1050,1030,1045,53303.0
2020-07-16,1060,1115,1040,1070,568302.0
2020-07-17,1070,1135,1060,1110,360475.0
2020-07-20,1105,1160,1080,1150,495023.0
2020-07-21,1150,1165,1115,1130,127918.0
2020-07-22,1130,1140,1095,1095,122705.0
2020-07-23,1095,1115,1075,1075,139565.0
2020-07-24,1075,1090,1045,1065,112472.0
2020-07-27,1065,1115,1055,1105,52773.0
2020-07-28,1105,1130,1075,1090,148679.0
2020-07-29,1090,1115,1080,1080,59496.0
2020-07-30,1085,1125,1080,1110,134683.0
2020-07-31,1110,1110,1075,1095,102892.0
2020-08-03,1095,1105,1080,1095,67683.0
2020-08-04,1095,1095,1060,1080,134891.0
2020-08-05,1080,1110,1075,1100,80707.0
2020-08-06,1100,1135,1085,1135,1236577.0
2020-08-07,1210,1210,1120,1120,1157227.0
2020-08-10,1120,1150,1100,1140,275457.0
2020-08-11,1140,1190,1140,1190,277084.0
2020-08-12,1180,1195,1135,1175,178497.0
2020-08-13,1175,1200,1155,1175,146458.0
2020-08-14,1175,1185,1125,1145,176263.0
2020-08-18,1145,1145,1065,1065,233045.0
2020-08-19,1065,1085,1055,1075,168697.0
2020-08-20,1075,1105,1030,1030,134336.0
2020-08-21,1030,1070,1020,1020,105327.0
2020-08-24,1030,1075,1020,1035,64552.0
2020-08-25,1040,1075,1040,1060,58650.0
2020-08-26,1065,1210,1060,1150,1439118.0
2020-08-27,1165,1165,1110,1110,181400.0
2020-08-28,1110,1260,1110,1170,1965819.0
2020-08-31,1175,1230,1135,1230,781025.0
2020-09-01,1215,1215,1140,1180,643015.0
2020-09-02,1170,1170,1140,1165,420316.0
2020-09-03,1335,1340,1170,1185,4571580.0
2020-09-04,1115,1155,1110,1135,763556.0
2020-09-07,1135,1150,1110,1145,341697.0
2020-09-08,1145,1150,1130,1140,243832.0
2020-09-09,1135,1140,1110,1120,259525.0
2020-09-10,1120,1150,1115,1150,358812.0
2020-09-11,1145,1150,1130,1145,160201.0
2020-09-14,1145,1180,1135,1170,357060.0
2020-09-15,1170,1185,1150,1170,222906.0
2020-09-16,1170,1270,1170,1230,796639.0
2020-09-17,1225,1250,1200,1205,292142.0
2020-09-18,1195,1230,1190,1205,132461.0
2020-09-21,1205,1205,1140,1145,154972.0
2020-09-22,1135,1145,1095,1120,224522.0
2020-09-23,1115,1140,1080,1140,218323.0
2020-09-24,1135,1135,1065,1070,181008.0
2020-09-25,1070,1140,1055,1090,130218.0
2020-09-28,1090,1175,1090,1130,204052.0
2020-09-29,1135,1150,1125,1135,71168.0
2020-10-05,1135,1200,1130,1155,119039.0
2020-10-06,1155,1215,1155,1165,267668.0
2020-10-07,1165,1205,1165,1190,92737.0
2020-10-08,1190,1200,1165,1175,162399.0
2020-10-12,1180,1195,1165,1180,109540.0
2020-10-13,1185,1220,1165,1205,157045.0
2020-10-14,1205,1225,1165,1175,112395.0
2020-10-15,1170,1170,1120,1150,120527.0
2020-10-16,1140,1175,1120,1140,125845.0
2020-10-19,1140,1190,1135,1170,131225.0
2020-10-20,1160,1275,1135,1270,1070869.0
2020-10-21,1470,1475,1215,1225,6460167.0
2020-10-22,1225,1235,1175,1195,729163.0
2020-10-23,1185,1300,1165,1300,1223318.0
2020-10-26,1265,1275,1170,1175,836536.0
2020-10-27,1165,1285,1145,1220,887184.0
2020-10-28,1215,1265,1210,1240,393599.0
2020-10-29,1220,1230,1180,1205,403088.0
2020-10-30,1205,1205,1125,1145,278380.0
2020-11-02,1145,1195,1140,1175,182090.0
2020-11-03,1175,1220,1175,1215,275750.0
2020-11-04,1220,1225,1180,1190,231069.0
2020-11-05,1185,1220,1180,1215,208731.0
2020-11-06,1215,1230,1190,1210,249845.0
2020-11-09,1210,1235,1205,1210,145319.0
2020-11-10,1220,1260,1205,1245,403170.0
2020-11-11,1240,1250,1210,1235,273504.0
2020-11-12,1235,1255,1210,1225,263105.0
2020-11-13,1225,1235,1195,1195,148670.0
2020-11-16,1200,1225,1195,1210,106199.0
2020-11-17,1215,1245,1215,1235,140398.0
2020-11-18,1235,1295,1235,1270,672583.0
2020-11-19,1270,1280,1245,1260,284516.0
2020-11-20,1260,1285,1240,1260,205594.0
2020-11-23,1250,1295,1245,1280,266563.0
2020-11-24,1270,1280,1250,1260,205625.0
2020-11-25,1265,1275,1235,1245,166300.0
2020-11-26,1235,1275,1235,1255,130824.0
2020-11-27,1255,1260,1225,1255,132000.0
2020-11-30,1255,1275,1235,1275,163983.0
2020-12-01,1280,1290,1260,1285,132285.0
2020-12-02,1285,1315,1275,1310,426183.0
2020-12-03,1310,1325,1280,1285,306101.0
2020-12-04,1280,1295,1255,1255,241962.0
2020-12-07,1255,1300,1255,1275,229076.0
2020-12-08,1275,1290,1270,1275,119147.0
2020-12-09,1275,1295,1265,1270,128401.0
2020-12-10,1265,1280,1255,1275,58664.0
2020-12-11,1280,1345,1275,1315,284224.0
2020-12-14,1315,1320,1270,1270,216227.0
2020-12-15,1270,1395,1270,1340,2619802.0
2020-12-16,1340,1350,1280,1320,460038.0
2020-12-17,1325,1415,1310,1330,1272678.0
2020-12-18,1340,1380,1310,1365,269421.0
2020-12-21,1365,1385,1330,1340,258718.0
2020-12-22,1340,1350,1270,1280,253519.0
2020-12-23,1270,1295,1235,1280,429686.0
2020-12-24,1280,1310,1270,1295,95570.0
2020-12-28,1295,1330,1260,1290,164818.0
2020-12-29,1290,1325,1290,1310,106276.0
2020-12-30,1320,1355,1310,1350,182937.0
2021-01-04,1350,1365,1310,1360,183518.0
2021-01-05,1360,1360,1335,1350,171156.0
2021-01-06,1350,1365,1320,1350,157203.0
2021-01-07,1350,1375,1295,1325,211520.0
2021-01-08,1345,1350,1315,1315,243400.0
2021-01-11,1315,1330,1270,1290,251689.0
2021-01-12,1290,1385,1265,1370,325694.0
2021-01-13,1385,1580,1360,1360,4233607.0
2021-01-14,1360,1425,1350,1415,516896.0
2021-01-15,1415,1450,1345,1405,610161.0
2021-01-18,1395,1395,1325,1345,467760.0
2021-01-19,1340,1355,1330,1345,325900.0
2021-01-20,1350,1420,1350,1375,265246.0
2021-01-21,1405,1430,1380,1410,352124.0
2021-01-22,1415,1460,1395,1395,362901.0
2021-01-25,1430,1475,1405,1440,412658.0
2021-01-26,1445,1455,1410,1420,142411.0
2021-01-27,1420,1460,1410,1430,163953.0
2021-01-28,1430,1460,1380,1425,329291.0
2021-01-29,1415,1420,1325,1330,359052.0
2021-02-01,1325,1385,1310,1380,246338.0
2021-02-02,1395,1440,1395,1430,188282.0
2021-02-03,1435,1460,1425,1435,347129.0
2021-02-04,1445,1510,1425,1510,706665.0
2021-02-05,1510,1550,1445,1495,465254.0
2021-02-08,1485,1485,1425,1430,213862.0
2021-02-09,1415,1555,1415,1505,545288.0
2021-02-10,1500,1500,1460,1500,153520.0
2021-02-15,1500,1530,1475,1505,259198.0
2021-02-16,1505,1515,1450,1480,282192.0
2021-02-17,1480,1495,1455,1495,225263.0
2021-02-18,1495,1540,1445,1480,567772.0
2021-02-19,1665,1670,1430,1445,4608905.0
2021-02-22,1435,1485,1430,1445,438589.0
2021-02-23,1440,1475,1390,1470,562332.0
2021-02-24,1470,1490,1365,1400,695086.0
2021-02-25,1405,1435,1405,1430,296599.0
2021-02-26,1425,1430,1345,1390,399558.0
2021-03-02,1385,1410,1375,1390,777338.0
2021-03-03,1400,1455,1395,1455,549896.0
2021-03-04,1460,1480,1450,1475,302532.0
2021-03-05,1465,1485,1410,1460,231766.0
2021-03-08,1445,1455,1415,1415,191077.0
2021-03-09,1410,1475,1360,1455,419720.0
2021-03-10,1450,1475,1430,1460,206550.0
2021-03-11,1460,1530,1430,1505,444321.0
2021-03-12,1510,1530,1490,1520,297766.0
2021-03-15,1520,1525,1480,1490,175189.0
2021-03-16,1490,1520,1485,1505,121586.0
2021-03-17,1505,1525,1490,1500,93203.0
2021-03-18,1500,1520,1490,1505,97162.0
2021-03-19,1505,1510,1480,1505,151068.0
2021-03-22,1505,1510,1480,1495,158040.0
2021-03-23,1495,1615,1490,1520,1411755.0
2021-03-24,1520,1750,1495,1575,3089242.0
2021-03-25,1575,1625,1560,1620,589626.0
2021-03-26,1625,1650,1555,1590,583961.0
2021-03-29,1590,1590,1525,1565,319412.0
2021-03-30,1565,1580,1540,1570,183678.0
2021-03-31,1570,1600,1550,1600,238902.0
2021-04-01,1595,1600,1545,1565,313131.0
2021-04-02,1565,1565,1510,1535,583124.0
2021-04-05,1535,1555,1510,1535,447533.0
2021-04-06,1535,1560,1525,1550,212946.0
2021-04-07,1550,1565,1540,1540,309018.0
2021-04-08,1540,1555,1520,1520,252696.0
2021-04-09,1520,1640,1515,1580,416882.0
2021-04-12,1580,1620,1560,1575,264504.0
2021-04-13,1575,1620,1560,1620,807185.0
2021-04-14,1600,1615,1580,1615,856503.0
2021-04-15,1670,1675,1575,1575,1213298.0
2021-04-16,1565,1585,1560,1575,239374.0
2021-04-19,1575,1605,1550,1595,404588.0
2021-04-20,1595,1740,1580,1715,2626220.0
2021-04-21,1665,1880,1665,1775,5107326.0
2021-04-22,1775,1775,1695,1740,1286886.0
2021-04-23,1715,1715,1635,1635,996935.0
2021-04-26,1635,1660,1605,1625,597522.0
2021-04-27,1625,1625,1570,1595,997314.0
2021-04-28,1585,1595,1540,1545,640502.0
2021-04-29,1540,1570,1520,1565,659307.0
2021-04-30,1555,1575,1530,1570,364334.0
2021-05-03,1560,1595,1550,1560,457202.0
2021-05-04,1560,1615,1555,1600,902386.0
2021-05-06,1600,1610,1580,1595,374516.0
2021-05-07,1595,1630,1585,1620,428018.0
2021-05-10,1620,1650,1600,1635,489785.0
2021-05-11,1630,1640,1595,1635,325622.0
2021-05-12,1625,1630,1565,1590,444930.0
2021-05-13,1560,1610,1555,1590,421085.0
2021-05-14,1580,1665,1575,1650,402329.0
2021-05-17,1650,1670,1585,1585,506614.0
2021-05-18,1590,1625,1565,1570,482821.0
2021-05-20,1565,1575,1550,1570,342019.0
2021-05-21,1570,1585,1545,1550,276801.0
2021-05-24,1535,1545,1505,1505,299933.0
2021-05-25,1500,1550,1500,1515,212695.0
2021-05-26,1525,1560,1520,1550,154145.0
2021-05-27,1560,1580,1540,1575,189068.0
2021-05-28,1575,1630,1570,1610,353411.0
2021-05-31,1610,1620,1590,1615,248384.0
2021-06-01,1615,1620,1590,1620,258476.0
2021-06-02,1620,1740,1620,1705,1990361.0
2021-06-03,1705,1710,1680,1695,341756.0
2021-06-04,1695,1715,1675,1690,256442.0
2021-06-07,1695,1725,1675,1700,285196.0
2021-06-08,1700,1740,1685,1700,289756.0
2021-06-09,1700,1715,1660,1660,282609.0
2021-06-10,1655,1705,1625,1705,337242.0
2021-06-11,1725,1770,1705,1770,875808.0
2021-06-14,1770,1785,1715,1750,556172.0
2021-06-15,1750,1810,1700,1800,1099142.0
2021-06-16,1800,1820,1750,1805,550314.0
2021-06-17,1805,1810,1755,1775,278326.0
2021-06-18,1775,1845,1755,1800,350840.0
2021-06-21,1800,1800,1715,1740,351620.0
2021-06-22,1740,1770,1725,1760,219776.0
2021-06-23,1760,1780,1720,1755,280084.0
2021-06-24,1755,1755,1700,1710,253420.0
2021-06-25,1710,1770,1710,1725,194108.0
2021-06-28,1735,1745,1710,1730,162637.0
2021-06-29,1730,1735,1675,1695,293804.0
2021-06-30,1695,1800,1695,1770,753799.0
2021-07-01,1780,1805,1740,1770,425998.0
2021-07-02,1770,1785,1735,1735,285715.0
2021-07-05,1750,1750,1715,1725,137168.0
2021-07-06,1725,1765,1725,1750,175837.0
2021-07-07,1750,1760,1710,1715,156754.0
2021-07-08,1715,1750,1655,1695,352424.0
2021-07-09,1680,1680,1590,1630,484763.0
2021-07-12,1620,1675,1610,1665,311128.0
2021-07-13,1670,1730,1670,1695,207409.0
2021-07-14,1695,1835,1695,1700,8527198.0
2021-07-15,1715,1715,1680,1685,504070.0
2021-07-16,1690,1715,1685,1685,204765.0
2021-07-19,1685,1705,1665,1665,175686.0
2021-07-20,1665,1775,1665,1735,957409.0
2021-07-21,1730,1735,1705,1720,306800.0
2021-07-22,1705,1710,1670,1690,329399.0
2021-07-23,1690,1740,1690,1740,179050.0
2021-07-26,1745,1750,1685,1685,274633.0
2021-07-27,1680,1705,1665,1705,207216.0
2021-07-28,1685,1725,1670,1685,302574.0
2021-07-29,1680,1725,1670,1720,322632.0
2021-07-30,1730,1735,1680,1710,316792.0
2021-08-02,1685,1690,1650,1665,261223.0
2021-08-03,1665,1685,1655,1675,168810.0
2021-08-04,1675,1705,1665,1705,146434.0
2021-08-05,1710,1730,1705,1725,157900.0
2021-08-06,1725,1735,1720,1730,233541.0
2021-08-09,1735,1745,1710,1710,125601.0
2021-08-10,1710,1725,1685,1685,116655.0
2021-08-11,1670,1695,1670,1685,133347.0
2021-08-12,1685,1685,1660,1680,153903.0
2021-08-13,1680,1680,1615,1635,390654.0
2021-08-17,1610,1620,1530,1530,357590.0
2021-08-18,1515,1675,1510,1640,827257.0
2021-08-19,1715,1745,1655,1735,1240308.0
2021-08-20,1735,1735,1625,1710,492610.0
2021-08-23,1680,1705,1620,1650,285028.0
2021-08-24,1665,1745,1655,1725,536914.0
2021-08-25,1730,1775,1725,1745,305129.0
2021-08-26,1745,1765,1710,1720,187509.0
2021-08-27,1720,1785,1670,1780,322105.0
2021-08-30,1780,1830,1755,1800,563658.0
2021-08-31,1800,1850,1770,1835,596007.0
2021-09-01,1835,1835,1785,1815,251306.0
2021-09-02,1815,1835,1770,1785,261908.0
2021-09-03,1785,1825,1775,1805,163652.0
2021-09-06,1805,1825,1790,1820,133069.0
2021-09-07,1820,1820,1725,1735,240648.0
2021-09-08,1735,1790,1735,1775,257770.0
2021-09-09,1765,1770,1710,1715,277393.0
2021-09-10,1710,1755,1675,1755,298585.0
2021-09-13,1755,1845,1755,1810,443658.0
2021-09-14,1810,2340,1800,2200,28985317.0
2021-09-15,2190,2275,2130,2220,7210823.0
2021-09-16,2275,2555,2060,2235,21755603.0
2021-09-17,2530,2550,2175,2215,9071420.0
2021-09-23,2180,2180,2010,2110,2504931.0
2021-09-24,2070,2135,2020,2095,1947873.0
2021-09-27,2005,2035,1935,2035,1341043.0
2021-09-28,1995,2035,1980,2030,821094.0
2021-09-29,1960,2010,1940,1965,732462.0
2021-09-30,1965,2080,1965,2020,1525005.0
2021-10-01,2015,2020,1850,1850,1027652.0
2021-10-05,1835,1920,1800,1875,799596.0
2021-10-06,1865,1995,1825,1875,980201.0
2021-10-07,1875,1945,1850,1945,544391.0
2021-10-08,1965,1975,1825,1850,1077923.0
2021-10-12,1845,1905,1820,1875,479486.0
2021-10-13,1860,1970,1860,1925,834780.0
2021-10-14,1945,2045,1930,2030,1489261.0
